resources/bathymetry/FullBay100/mhhw1k.asc
ncols         789
nrows         882
xllcorner     531320.83645285
yllcorner     4142047.4765937
cellsize      100
[rows 525 to 559 of 882, columns 240 to 319 of 789]
-9999 -9999 -9999 -9999 1485 1265 1025 1115 1165 1245 1365 1546 1646 1756 1836 1896 1916 1966 2036 2016 2036 1986 1976 1956 2016 1966 1986 1966 1906 1916 1876 1816 1786 1736 1626 1596 1486 1426 1396 1346 1256 1186 1156 1156 1197 1117 1127 1107 1077 1057 1037 987 927 817 777 717 697 667 657 637 647 627 627 627 607 597 587 568 568 548 1018 1058 978 938 1018 1078 1108 1118 1138 1108
-9999 -9999 -9999 -9999 1406 1436 1026 1066 1116 1196 1316 1486 1606 1746 1816 1876 1936 1966 1986 2026 2036 2026 1986 1956 1966 1956 1956 1926 1906 1926 1856 1836 1786 1746 1686 1656 1506 1436 1426 1326 1296 1226 1167 1207 1137 1127 1117 1117 1097 1047 1037 1027 957 877 827 767 707 687 647 627 627 617 617 627 617 607 578 568 548 538 488 1048 928 898 1008 1078 1098 1128 1098 1108
-9999 -9999 -9999 -9999 -9999 1466 1466 1036 1076 1166 1276 1386 1596 1736 1836 1896 1976 1996 1986 2036 1996 2046 1996 1986 1956 1946 1896 1876 1916 1916 1896 1816 1786 1726 1726 1636 1556 1496 1426 1346 1317 1257 1197 1167 1157 1107 1097 1097 1087 1047 1057 1037 977 927 867 817 747 697 677 627 637 627 617 617 637 608 588 558 548 528 518 488 578 588 588 588 678 638 538 1118
-9999 -9999 -9999 -9999 -9999 -9999 1486 1496 1336 1286 1386 1426 1546 1726 1836 1916 2016 2016 1996 2006 2056 2086 1996 1986 1966 1926 1926 1896 1896 1886 1916 1816 1716 1776 1696 1646 1566 1507 1437 1347 1317 1297 1237 1197 1177 1137 1097 1087 1087 1087 1047 1007 977 937 907 837 777 717 707 657 647 667 617 617 618 608 578 568 548 538 528 498 498 468 468 468 478 468 428 1508
-9999 -9999 -9999 -9999 -9999 -9999 -9999 1546 1406 1366 1296 1356 1486 1676 1836 1936 1986 2056 2026 2016 2056 2096 2016 1946 1936 1936 1896 1866 1866 1906 1866 1856 1786 1776 1706 1637 1617 1537 1497 1407 1347 1257 1217 1217 1177 1147 1097 1077 1077 1077 1077 1037 997 967 917 877 817 747 677 667 637 637 607 618 608 608 588 568 558 538 528 508 508 498 488 478 458 468 448 1208
-9999 -9999 -9999 -9999 -9999 -9999 -9999 1276 1316 1386 1356 1466 1506 1706 1846 1946 1966 2056 1976 2056 2046 2046 1986 1986 1946 1936 1876 1826 1856 1886 1866 1846 1827 1757 1737 1667 1627 1567 1507 1397 1347 1297 1247 1217 1157 1167 1097 1067 1067 1077 1057 1087 1047 997 937 897 827 767 747 697 657 627 608 608 608 608 598 568 568 548 528 528 518 508 498 478 468 458 458 1358
-9999 -9999 326 346 596 576 566 826 986 1136 1206 1426 1516 1666 1826 1926 2066 2086 2056 2076 2086 2056 2016 1956 1936 1956 1856 1796 1796 1887 1857 1837 1827 1757 1757 1687 1587 1557 1537 1457 1347 1317 1267 1247 1187 1137 1117 1097 1077 1067 1067 1027 1067 1027 967 907 867 807 757 727 667 618 608 598 598 598 598 578 568 558 528 528 518 498 488 488 468 458 458 1368
276 -9999 -9999 -9999 -9999 -9999 206 306 936 1016 1076 1246 1407 1597 1776 1936 2036 2106 2106 2106 2116 2076 2046 1996 1886 1896 1857 1797 1787 1817 1887 1817 1807 1757 1757 1717 1617 1567 1547 1497 1367 1337 1297 1237 1207 1207 1157 1137 1077 1117 1107 1017 1067 987 977 957 897 837 767 747 708 688 628 608 598 598 598 588 568 558 548 538 528 508 498 478 468 468 788 1378
307 147 -9999 -9999 117 317 557 727 887 967 1017 1147 1287 1477 1757 1977 2047 2077 2127 2117 2107 2067 2027 2007 1957 1867 1877 1797 1817 1787 1807 1817 1817 1807 1767 1707 1617 1587 1547 1517 1437 1357 1307 1267 1237 1217 1177 1177 1107 1047 1067 1027 1027 1047 987 927 927 877 818 778 738 708 658 618 598 588 588 588 578 568 558 538 528 518 498 488 468 468 458 1258
157 237 237 357 467 507 467 577 667 917 987 1047 1197 1327 1717 1977 2097 2107 2167 2127 2127 2097 2027 2017 1977 1937 1827 1827 1817 1777 1787 1817 1787 1757 1757 1727 1667 1647 1557 1517 1457 1387 1287 1297 1257 1197 1197 1177 1147 1057 1097 1097 1047 1007 1007 987 977 948 858 778 758 728 708 658 608 598 588 588 588 578 568 548 538 518 518 488 468 458 458 1248
197 257 437 617 387 377 367 437 607 837 977 1007 1087 1197 1397 2007 2137 2157 2157 2157 2117 2107 2077 2027 1967 1917 1857 1817 1817 1817 1807 1767 1787 1767 1767 1727 1667 1527 1577 1537 1477 1437 1337 1317 1247 1207 1197 1197 1107 1127 1077 1117 1107 1047 1047 1008 988 918 878 838 788 758 718 698 628 598 588 598 598 588 578 558 548 528 528 508 488 488 518 1259
-9999 297 247 257 307 357 357 347 587 967 1047 1087 1067 1157 1417 1927 2167 2197 2177 2167 2137 2107 2097 2047 1977 1907 1867 1797 1807 1787 1777 1767 1777 1727 1747 1717 1687 1627 1587 1557 1537 1437 1377 1317 1247 1227 1187 1177 1177 1147 1127 1127 1097 1118 1078 1068 1008 988 948 858 828 768 738 728 668 628 608 598 598 598 588 568 568 558 538 528 509 479 449 959
-9999 217 -9999 -9999 257 317 347 347 847 707 947 1117 1157 1137 1407 1867 2247 2257 2217 2177 2167 2167 2087 2067 1957 1947 1857 1807 1787 1747 1757 1757 1767 1757 1757 1717 1677 1657 1617 1577 1517 1447 1397 1347 1287 1247 1217 1187 1157 1157 1157 1118 1108 1118 1118 1088 1048 1008 978 918 868 808 738 758 688 658 618 598 598 598 608 588 568 559 549 539 519 479 469 479
-9999 -9999 -9999 -9999 -9999 277 267 397 -9999 -9999 847 1067 1167 1167 1467 2047 2307 2387 2277 2247 2207 2177 2117 2057 2027 1957 1907 1837 1787 1777 1777 1767 1767 1747 1747 1717 1697 1647 1637 1607 1547 1487 1437 1387 1297 1257 1227 1197 1168 1168 1148 1138 1118 1098 1108 1098 1078 1058 988 958 908 848 778 748 718 688 658 618 608 618 609 599 579 559 549 539 529 499 499 499
-9999 -9999 -9999 -9999 -9999 -9999 -9999 -9999 -9999 -9999 -9999 867 1117 1157 1547 2157 2477 2507 2377 2277 2267 2237 2177 2087 2047 1987 1937 1847 1807 1777 1747 1757 1717 1727 1737 1727 1687 1677 1647 1577 1557 1507 1457 1407 1337 1287 1238 1208 1188 1158 1148 1128 1138 1088 1098 1098 1088 1068 1018 978 908 888 818 768 738 718 698 638 609 609 609 609 599 569 549 539 539 529 519 509
-9999 -9999 -9999 -9999 -9999 -9999 -9999 -9999 -9999 -9999 -9999 -9999 727 637 -9999 2277 2637 2577 2617 2397 2327 2257 2207 2097 2047 2017 1927 1857 1827 1777 1747 1727 1717 1727 1717 1717 1677 1657 1607 1607 1557 1517 1467 1418 1378 1308 1248 1218 1198 1158 1118 1118 1138 1118 1098 1078 1088 1078 1048 1008 938 908 858 788 758 728 698 679 629 619 619 609 589 579 559 549 539 539 539 519
-9999 -9999 -9999 -9999 -9999 -9999 -9999 -9999 -9999 -9999 -9999 -9999 -9999 -9999 -9999 -9999 2818 2238 2708 2587 2387 2267 2177 2127 2027 2027 1937 1837 1797 1777 1747 1707 1717 1677 1697 1687 1687 1667 1637 1607 1578 1528 1468 1428 1408 1348 1278 1238 1198 1158 1108 1138 1138 1118 1088 1078 1078 1078 1058 1028 988 948 898 828 778 759 719 699 659 639 609 599 599 589 569 559 549 549 539 529
-9999 -9999 -9999 -9999 -9999 -9999 -9999 -9999 -9999 -9999 -9999 -9999 -9999 -9999 -9999 -9999 2308 2868 2768 2588 2418 2318 2188 2088 2018 1998 1938 1847 1787 1767 1727 1707 1687 1667 1677 1647 1688 1658 1658 1628 1588 1538 1478 1428 1398 1328 1308 1258 1218 1188 1148 1138 1128 1108 1098 1078 1058 1038 1058 1038 998 968 928 879 829 769 749 719 699 639 619 609 609 599 599 579 559 539 549 539
-9999 -9999 -9999 -9999 -9999 -9999 -9999 -9999 -9999 -9999 -9999 -9999 -9999 -9999 -9999 -9999 -9999 2618 2698 2468 2408 2308 2208 2118 2028 1998 1918 1878 1828 1768 1718 1688 1678 1688 1658 1648 1638 1648 1598 1618 1568 1528 1488 1458 1418 1378 1318 1288 1238 1218 1138 1138 1118 1108 1088 1068 1078 1068 1068 1058 1038 989 989 919 859 809 769 719 719 679 639 619 629 619 619 599 569 539 529 539
-9999 -9999 -9999 -9999 -9999 -9999 -9999 -9999 -9999 -9999 -9999 -9999 -9999 -9999 -9999 -9999 2098 2618 2618 2438 2278 2278 2228 2138 2068 2018 1918 1858 1798 1758 1718 1688 1638 1658 1638 1638 1638 1628 1638 1598 1598 1548 1508 1478 1438 1378 1338 1298 1258 1238 1178 1158 1128 1118 1108 1098 1078 1098 1048 1078 1059 1029 1009 939 889 839 779 729 719 689 669 649 639 639 619 599 539 519 509 509
-9999 -9999 -9999 -9999 -9999 -9999 -9999 -9999 -9999 -9999 -9999 -9999 -9999 -9999 1048 1368 1638 2378 2388 1938 1618 1908 1928 2108 2058 1958 1958 1868 1828 1758 1708 1688 1688 1618 1608 1608 1628 1618 1608 1608 1558 1548 1518 1488 1438 1398 1368 1308 1258 1228 1198 1168 1118 1118 1138 1078 1078 1098 1049 1069 1049 1039 1019 959 909 869 819 739 739 709 669 649 639 639 619 609 579 539 509 490
-9999 -9999 -9999 -9999 -9999 -9999 -9999 -9999 -9999 -9999 1199 -9999 978 1038 1058 1328 1588 2008 2268 1788 1878 1868 1678 2108 2018 1958 1908 1858 1788 1748 1708 1678 1618 1618 1608 1598 1628 1608 1598 1598 1568 1548 1518 1478 1448 1428 1358 1328 1298 1248 1208 1158 1138 1088 1108 1088 1078 1089 1069 1049 1069 1039 1029 979 929 889 839 779 749 739 699 669 649 639 619 599 600 560 540 510
-9999 -9999 -9999 -9999 -9999 -9999 -9999 -9999 -9999 -9999 -9999 1209 -9999 -9999 1178 1438 1588 1848 2118 1948 1998 1838 1748 1958 1938 1928 1898 1838 1798 1738 1678 1668 1628 1598 1618 1578 1598 1588 1578 1578 1558 1528 1538 1488 1428 1428 1418 1348 1298 1268 1228 1178 1128 1128 1108 1099 1069 1089 1079 1079 1079 1039 1029 1019 959 919 859 819 769 739 719 699 670 640 630 630 610 590 580 530
-9999 -9999 -9999 -9999 -9999 -9999 -9999 -9999 -9999 -9999 -9999 1379 1189 1149 1249 1438 1528 1648 2028 1948 1788 1748 1668 1828 1928 1898 1898 1808 1758 1708 1658 1638 1638 1588 1558 1548 1558 1588 1568 1568 1548 1538 1518 1478 1448 1438 1408 1358 1338 1288 1248 1178 1158 1109 1099 1079 1079 1059 1069 1069 1079 1069 1049 1029 999 949 889 859 809 760 750 710 680 680 650 630 620 640 590 530
-9999 -9999 -9999 -9999 -9999 -9999 -9999 -9999 -9999 -9999 -9999 1179 -9999 1189 1299 1419 1548 1678 1988 1888 1798 1848 1788 1668 1808 1858 1878 1808 1748 1678 1658 1608 1598 1548 1558 1548 1548 1548 1528 1528 1548 1538 1508 1478 1458 1448 1438 1378 1328 1308 1268 1199 1189 1109 1099 1079 1079 1069 1059 1049 1059 1089 1069 1039 1009 989 930 870 830 800 750 730 700 690 660 640 620 600 540 530
-9999 -9999 -9999 -9999 -9999 -9999 -9999 -9999 -9999 -9999 -9999 1249 1099 -9999 1339 1479 1599 1649 1808 1818 1738 1848 1848 1798 1708 1828 1798 1748 1728 1658 1628 1588 1558 1548 1568 1538 1548 1558 1548 1518 1538 1518 1508 1488 1458 1458 1438 1378 1329 1309 1269 1239 1209 1139 1089 1069 1059 1079 1069 1029 1039 1049 1049 1050 1020 1000 980 910 870 820 790 750 720 700 670 660 620 590 560 560
-9999 -9999 -9999 -9999 -9999 -9999 -9999 -9999 -9999 -9999 -9999 -9999 -9999 1189 1349 1459 1639 1679 1769 1799 1728 1828 1828 1698 1758 1778 1768 1748 1678 1628 1618 1558 1548 1548 1538 1528 1528 1548 1528 1508 1518 1538 1508 1488 1459 1449 1419 1379 1349 1309 1279 1259 1229 1169 1089 1059 1049 1039 1059 1039 1029 1030 1040 1060 1050 1020 1000 960 920 860 850 790 720 720 690 650 630 600 590 580
181 -9999 -9999 -9999 -9999 -9999 -9999 -9999 -9999 -9999 -9999 979 -9999 -9999 1449 1459 1679 1709 1619 1709 1669 1749 1778 1728 1708 1728 1698 1708 1678 1628 1588 1518 1528 1538 1538 1498 1508 1538 1528 1499 1509 1529 1479 1479 1479 1449 1419 1389 1359 1329 1289 1269 1239 1169 1109 1059 1039 1039 1049 1060 1050 1040 1030 1010 1040 1040 1020 990 960 920 870 840 770 720 700 660 640 610 611 591
251 -9999 -9999 -9999 -9999 -9999 -9999 -9999 -9999 -9999 -9999 1060 1059 -9999 1549 1589 1709 1699 1669 1589 1679 1719 1729 1749 1729 1668 1658 1668 1648 1598 1588 1528 1518 1548 1518 1469 1489 1499 1499 1489 1489 1519 1489 1469 1459 1449 1429 1409 1359 1329 1289 1269 1229 1189 1149 1069 1039 1030 1030 1040 1040 1050 1030 1020 1030 1020 1020 1010 1000 950 910 850 830 760 710 690 661 631 621 591
332 262 262 241 181 -9999 -9999 -9999 -9999 -9999 -9999 -9999 1099 1159 1499 1609 1729 1709 1629 1569 1639 1669 1689 1719 1699 1689 1659 1669 1609 1569 1539 1509 1489 1509 1509 1429 1489 1479 1469 1489 1459 1479 1459 1459 1469 1429 1419 1409 1359 1329 1299 1249 1239 1199 1159 1090 1050 1030 1040 1040 1030 1050 1040 1040 1040 1010 1020 1020 1020 980 920 880 840 811 751 711 681 661 631 631
342 352 352 362 332 241 201 191 -9999 -9999 -9999 870 760 999 969 1689 1749 1569 1589 1579 1649 1649 1639 1689 1669 1649 1629 1629 1599 1529 1519 1479 1509 1449 1409 1429 1449 1469 1459 1469 1449 1439 1449 1469 1439 1429 1419 1399 1359 1329 1299 1299 1259 1220 1190 1130 1060 1040 1040 1030 1030 1050 1040 1040 1050 1050 1010 1030 1020 991 961 921 861 821 801 741 701 671 651 641
333 362 372 382 382 362 271 241 -9999 670 920 760 790 1040 1100 1589 1709 1489 1569 1589 1599 1589 1589 1639 1639 1629 1609 1589 1579 1539 1499 1489 1469 1469 1449 1439 1449 1389 1409 1429 1429 1429 1429 1439 1449 1449 1399 1389 1359 1349 1310 1300 1290 1230 1200 1170 1090 1030 1030 1030 1030 1050 1060 1040 1051 1031 1001 991 1011 1011 991 951 901 851 811 781 731 701 672 642
333 373 383 392 392 402 392 361 301 601 770 920 930 800 1320 1650 1690 1539 1639 1559 1529 1589 1569 1599 1589 1599 1589 1569 1549 1499 1519 1479 1489 1419 1409 1409 1399 1399 1399 1399 1429 1419 1389 1419 1430 1430 1410 1400 1380 1350 1330 1320 1290 1240 1210 1180 1120 1050 1030 1000 1010 1040 1071 1061 1031 991 981 971 991 1011 1021 981 941 881 841 771 762 722 672 642
353 373 393 413 403 422 452 512 641 871 841 800 850 900 1350 1660 1620 1670 1590 1520 1500 1569 1549 1539 1569 1569 1529 1529 1529 1499 1469 1449 1429 1380 1390 1380 1380 1380 1370 1380 1390 1400 1390 1390 1410 1430 1400 1400 1390 1360 1310 1330 1290 1250 1220 1180 1140 1080 1030 1001 1001 1011 1051 1071 1031 1031 991 951 961 991 1011 1001 981 932 872 822 772 752 712 652
374 384 393 413 423 433 453 502 542 632 801 811 821 1090 1660 1610 1580 1570 1550 1480 1460 1520 1510 1540 1540 1530 1530 1530 1470 1460 1420 1420 1400 1370 1370 1360 1350 1350 1360 1360 1390 1400 1390 1360 1400 1400 1400 1400 1390 1350 1330 1320 1300 1260 1240 1200 1170 1121 1041 1011 991 981 1011 1031 1061 1041 1021 961 951 952 982 1002 1002 962 922 862 802 772 733 683
