resources/bathymetry/FullBay100/mhhw1k.asc
ncols         789
nrows         882
xllcorner     531320.83645285
yllcorner     4142047.4765937
cellsize      100
[rows 630 to 664 of 882, columns 320 to 399 of 789]
769 759 739 759 749 759 749 739 709 699 679 679 659 649 639 649 649 629 629 679 659 629 619 599 589 579 579 559 549 539 529 519 519 509 510 500 500 490 490 490 490 470 460 470 460 460 450 430 430 420 421 411 411 421 411 411 411 411 421 411 401 381 371 351 341 361 351 341 351 351 341 341 341 361 351 341 341 311 320 340
759 739 739 739 749 759 749 729 709 689 679 679 669 659 669 639 639 629 639 659 639 619 609 599 599 589 579 559 549 539 529 529 519 520 510 500 490 490 490 480 490 470 460 470 460 450 450 440 421 411 431 431 411 411 421 421 421 421 411 401 401 381 371 361 381 361 351 351 351 341 331 341 331 351 341 361 341 331 341 341
739 729 719 719 739 769 739 739 709 689 669 659 659 649 629 629 629 629 639 639 619 609 599 599 589 569 569 559 559 549 539 539 530 510 510 500 490 490 480 480 490 470 470 460 460 440 440 431 431 431 451 441 421 411 411 421 421 421 421 411 401 391 381 371 371 351 351 351 341 341 331 331 341 351 351 351 351 341 351 341
729 719 699 709 719 729 729 739 719 679 669 649 659 649 639 619 619 639 639 619 619 609 589 579 569 569 569 559 559 559 549 540 530 530 520 500 490 490 480 480 480 470 460 460 450 440 431 431 431 441 451 441 421 411 421 421 421 431 421 421 401 381 381 371 361 351 351 361 351 331 341 361 351 351 351 351 351 351 341 341
709 709 699 689 709 719 729 729 719 699 669 659 649 639 629 609 609 619 619 609 609 589 579 569 559 559 559 569 559 549 550 540 530 520 510 510 510 490 470 480 470 470 460 450 440 441 441 441 431 441 451 441 421 421 411 421 441 441 421 411 401 381 361 361 341 351 361 351 361 351 361 361 351 341 341 341 331 331 351 341
689 699 679 669 699 709 719 719 729 699 659 649 649 639 629 619 619 619 609 599 589 559 549 549 549 549 559 559 560 550 540 530 530 520 510 500 500 480 490 490 480 470 460 450 451 451 441 451 461 461 441 441 431 421 421 431 441 431 421 411 391 381 361 351 341 371 361 351 381 371 361 351 341 341 341 331 311 321 351 341
669 689 649 639 659 699 689 699 729 769 669 649 659 639 619 619 609 599 589 569 559 549 539 539 549 559 560 550 550 550 540 520 520 520 510 510 500 500 490 480 480 480 470 461 461 461 471 471 461 461 451 441 421 431 421 431 421 411 421 401 401 381 371 352 352 372 362 362 392 382 372 362 332 341 331 311 311 321 341 341
619 679 629 609 609 669 699 679 669 809 759 639 629 619 619 589 589 569 549 549 549 529 529 540 560 560 550 550 540 540 530 520 520 510 510 510 500 500 490 490 490 481 481 481 471 471 481 471 461 461 461 451 451 431 421 411 411 401 401 391 382 382 372 362 352 362 352 352 392 392 372 352 332 342 342 331 331 341 341 341
599 659 619 589 589 619 699 689 669 729 819 749 609 599 569 559 569 549 540 540 540 530 550 550 560 560 550 550 540 540 530 520 510 510 510 510 500 500 490 490 481 491 491 481 491 491 481 461 471 461 451 451 441 431 411 401 392 412 402 402 392 382 372 372 382 372 372 362 372 392 372 352 352 372 362 352 342 342 331 341
519 639 629 589 579 599 639 759 719 690 740 800 770 750 680 560 540 540 540 530 550 570 580 570 560 550 550 540 540 530 530 520 510 510 510 510 510 500 500 491 491 491 491 491 481 481 481 471 471 461 431 451 451 432 402 382 402 412 402 402 402 392 382 372 372 382 392 372 392 372 372 362 382 382 362 352 352 342 342 342
350 600 590 570 590 580 580 750 770 780 660 750 760 720 720 680 550 540 550 570 570 570 520 570 560 550 540 540 540 540 530 520 520 510 510 510 500 500 491 491 491 501 501 491 491 481 471 481 471 471 451 442 452 422 402 392 392 392 392 412 402 382 382 382 402 392 372 352 412 392 362 362 382 372 362 362 352 352 342 332
340 550 560 560 560 560 610 750 730 720 750 720 710 730 710 710 690 600 550 580 570 560 560 560 550 550 540 550 540 540 540 530 530 520 510 510 501 501 491 491 491 491 491 481 481 471 471 471 472 462 452 442 432 422 412 392 382 402 422 412 412 392 412 402 412 383 383 393 403 393 383 372 382 382 382 372 352 342 342 332
370 490 540 530 550 570 570 690 710 710 700 710 800 770 690 730 740 710 630 580 560 560 560 550 560 550 550 550 540 540 530 540 530 520 520 501 501 501 501 491 491 491 481 491 481 471 462 462 472 462 452 432 442 432 412 402 402 412 432 432 432 422 422 402 403 403 393 393 383 393 383 383 383 383 372 362 352 352 342 332
420 470 520 520 530 560 570 570 600 680 700 690 700 740 790 580 740 730 730 610 560 560 560 570 560 560 550 550 540 550 540 540 540 520 521 511 511 511 501 501 491 481 491 481 481 472 462 462 462 462 452 442 442 442 422 412 432 432 442 442 433 423 413 403 413 413 403 393 383 403 393 393 383 373 373 363 362 362 352 332
460 500 500 510 530 530 560 570 560 590 670 700 700 710 740 780 660 730 730 720 730 560 580 560 550 550 550 550 550 540 540 540 530 521 521 531 511 511 501 501 491 501 491 472 482 472 462 462 462 452 452 452 452 452 442 432 442 432 443 433 423 413 413 383 413 413 403 393 393 393 383 383 383 383 373 373 363 353 363 342
530 640 970 820 510 540 590 570 570 560 560 600 700 700 700 710 740 740 730 720 730 740 620 550 560 550 550 550 540 530 530 531 531 521 521 511 511 501 501 511 501 491 492 482 482 472 472 452 462 472 472 472 472 462 442 443 443 433 423 413 413 413 413 403 413 414 404 384 394 384 374 393 383 383 373 353 353 363 363 343
830 810 850 840 940 990 1010 660 600 560 540 560 560 640 690 690 730 740 730 730 720 730 730 640 540 540 540 530 530 530 531 531 531 521 521 521 511 521 501 501 502 492 492 492 482 482 472 462 462 462 472 473 473 463 443 443 443 433 423 413 403 423 413 413 404 414 394 394 384 384 394 394 374 374 373 373 363 363 353 343
760 780 810 770 810 830 900 910 920 560 550 550 550 570 690 710 710 700 730 740 730 730 720 720 550 540 530 540 531 521 521 531 521 521 521 511 511 511 511 512 502 502 482 482 472 472 472 472 473 473 473 483 473 453 453 443 443 433 423 413 424 414 404 384 384 394 384 384 384 404 394 394 384 364 394 374 373 353 333 353
740 740 750 750 780 820 830 860 900 910 530 530 540 540 560 670 730 740 730 750 750 760 730 700 710 620 531 511 531 521 521 531 521 511 521 521 521 522 512 502 502 492 482 482 482 492 472 473 473 473 473 463 463 463 453 443 433 423 424 434 424 414 394 384 404 384 374 414 394 404 404 394 384 384 374 384 364 364 344 363
740 740 740 710 720 790 790 790 830 900 890 800 500 510 520 550 640 750 740 760 760 750 700 740 711 701 671 561 531 521 521 521 521 511 511 511 512 512 512 502 502 492 492 492 482 473 473 473 463 463 463 463 473 463 454 444 434 434 434 434 414 394 384 384 414 395 395 395 395 405 405 385 384 384 374 364 374 364 354 354
760 740 720 750 760 780 780 800 780 810 840 880 620 490 510 520 530 550 760 760 770 761 771 761 751 731 731 751 541 511 511 501 501 511 512 512 512 512 512 492 502 482 482 483 463 463 473 473 473 463 473 474 464 454 454 444 434 444 444 444 434 414 385 385 405 395 395 395 405 395 395 385 375 385 385 374 364 354 344 354
770 770 740 750 760 750 770 760 770 780 800 840 840 520 500 510 510 520 531 681 791 771 781 791 761 771 731 721 731 571 491 491 501 512 502 502 512 512 502 502 492 482 483 483 473 463 463 473 473 464 464 464 454 454 454 444 444 444 445 445 435 435 405 405 405 385 395 385 405 405 385 385 385 405 385 375 365 375 384 364
780 770 760 740 750 770 760 770 760 760 780 810 850 731 531 521 501 501 491 491 641 791 751 851 831 841 701 681 711 701 601 491 492 492 482 492 512 502 502 502 493 483 483 473 463 463 463 464 464 464 464 464 464 464 454 435 435 435 455 445 445 435 415 405 385 375 366 406 406 406 406 405 395 395 395 385 385 385 385 375
830 780 790 760 750 750 740 770 761 751 751 781 811 781 571 521 491 471 481 451 471 761 901 741 761 801 731 701 691 681 692 652 552 492 472 462 492 492 492 503 493 493 493 483 463 474 464 464 464 464 464 454 465 455 455 455 445 445 445 445 445 435 416 406 396 386 386 406 406 396 396 386 396 396 396 385 385 375 375 375
920 811 791 781 761 741 731 721 751 731 731 691 681 591 521 501 471 471 461 441 451 451 641 821 701 701 691 691 682 682 672 692 612 472 472 462 482 483 493 483 493 493 493 483 464 464 464 474 464 464 455 465 465 465 445 445 435 435 445 446 436 426 426 426 416 396 396 396 406 396 396 396 396 396 386 366 386 376 375 365
931 831 801 801 791 741 711 691 671 651 561 531 511 511 491 491 471 461 451 441 431 431 431 461 651 671 681 682 662 682 682 682 662 682 582 462 483 483 483 493 493 483 484 474 474 454 454 464 465 465 455 455 455 445 445 436 446 446 446 446 446 436 436 436 406 416 397 387 397 397 387 396 396 386 396 386 386 386 366 366
931 901 831 811 851 741 621 551 521 521 521 511 511 501 491 461 461 441 431 431 421 411 411 451 611 682 692 682 682 672 662 642 652 672 672 663 553 473 473 493 483 474 474 474 464 454 454 465 455 465 455 455 455 456 436 446 446 446 446 446 446 447 437 427 417 417 407 407 377 377 387 397 387 387 387 397 387 386 366 356
1141 931 931 831 921 1011 581 531 531 531 521 521 511 501 491 471 451 431 411 391 391 391 411 421 642 672 692 682 682 682 652 672 672 673 643 633 613 473 463 474 474 484 484 474 464 455 455 455 445 455 455 456 456 466 466 446 446 446 437 447 447 447 437 437 427 407 417 407 397 377 377 387 377 387 397 407 397 377 377 377
1101 1121 1061 871 931 961 921 561 541 531 521 531 511 501 471 421 431 421 411 401 381 382 402 462 632 632 662 672 692 672 682 672 673 673 653 633 633 583 464 454 474 474 464 465 465 465 455 445 445 446 456 446 446 466 456 447 447 447 447 447 437 447 437 427 427 408 408 408 388 408 398 388 388 378 388 397 397 387 377 387
761 1171 1121 1061 911 981 941 1001 871 531 521 511 501 491 461 441 421 391 381 362 362 352 412 592 612 622 612 672 662 652 663 673 663 673 663 653 634 644 604 464 474 464 455 455 455 445 445 446 446 446 446 446 446 457 457 447 437 437 437 447 447 438 438 428 418 418 408 398 388 408 408 398 398 388 388 388 398 388 378 377
821 801 1221 1121 891 741 1021 951 981 841 481 491 501 471 451 411 371 362 362 352 332 352 432 562 582 612 622 602 663 653 653 663 663 643 663 654 644 654 634 584 525 455 455 475 455 456 446 446 446 446 446 447 447 447 457 437 437 448 458 448 438 438 438 428 418 418 408 398 398 418 408 398 398 398 388 388 388 388 378 368
951 821 721 951 991 661 811 991 941 981 851 491 481 471 431 412 362 372 352 342 322 342 502 562 572 592 612 633 593 613 663 653 653 654 644 654 654 644 634 635 615 565 455 465 456 446 436 446 446 447 447 447 447 447 447 438 448 448 448 448 438 438 438 439 419 419 409 399 419 419 419 409 399 399 389 389 389 379 359 368
1091 961 821 681 821 1151 901 651 1001 951 981 481 481 452 402 392 342 342 332 352 362 382 492 542 552 573 583 603 623 633 643 634 644 624 644 644 624 645 635 635 625 625 566 476 456 446 436 457 457 447 447 437 437 438 448 448 448 438 438 439 439 429 429 429 429 419 409 409 419 419 409 409 409 389 389 379 389 379 379 379
1161 1071 931 741 601 641 1061 731 601 651 581 512 482 452 402 372 352 372 362 352 382 402 492 523 543 563 573 583 603 613 644 634 634 624 624 635 645 625 635 625 625 616 606 556 446 466 447 457 447 437 427 428 428 428 428 428 448 439 439 439 429 419 429 429 429 429 430 420 430 420 420 410 410 390 380 390 400 390 390 369
1271 1191 1091 901 671 571 641 661 571 572 602 582 532 462 402 392 402 392 392 392 382 383 513 523 543 553 563 583 584 594 604 614 624 614 615 615 615 635 625 636 626 616 606 596 607 457 427 467 457 438 438 438 438 428 429 429 449 439 429 429 419 419 430 440 430 430 430 420 420 410 410 400 390 390 400 390 400 390 380 370
