resources/bathymetry/FullBay100/mhhw1k.asc
ncols         789
nrows         882
xllcorner     531320.83645285
yllcorner     4142047.4765937
cellsize      100
[rows 700 to 734 of 882, columns 320 to 399 of 789]
349 359 370 360 360 351 351 331 292 352 302 343 343 313 304 314 304 444 754 994 1244 1404 1534 1555 1675 1655 1675 1685 1675 1655 1675 1695 1705 1666 1706 1726 1716 1696 1616 1486 1376 1127 917 797 657 547 527 517 507 497 478 488 488 488 488 478 458 458 458 468 468 459 459 459 459 459 459 459 459 430 430 430 430 430 430 430 430 430 430 401
339 350 370 360 350 341 341 321 332 282 323 313 333 323 294 294 294 304 444 634 944 1235 1395 1485 1565 1585 1635 1675 1675 1685 1695 1795 1666 1656 1676 1696 1706 1726 1666 1607 1517 1367 1227 1017 847 667 597 557 528 528 498 508 498 488 478 478 468 478 468 479 459 459 459 459 459 459 459 459 460 430 430 430 430 430 430 430 430 431 431 421
339 330 350 350 351 331 341 312 312 312 293 303 303 304 284 284 264 294 374 424 625 865 1175 1355 1475 1535 1585 1625 1635 1715 355 1516 1656 1666 1666 1676 1696 1696 1687 1657 1627 1517 1397 1297 1127 937 937 768 648 568 528 498 488 488 488 478 478 468 459 479 459 459 459 459 459 459 460 460 460 440 430 430 430 430 430 431 431 431 431 421
330 330 320 341 341 341 331 312 302 283 303 273 284 304 294 274 264 284 274 405 415 555 855 1105 1315 1415 1485 1535 1605 1655 1676 1646 1676 1676 1686 1676 1686 1687 1697 1687 1657 1587 1527 1527 1467 1328 1218 1038 858 678 608 548 518 488 488 488 489 459 459 479 459 459 459 459 459 460 460 460 460 450 430 430 430 430 431 431 431 431 431 431
310 320 330 321 341 341 332 312 312 283 273 283 254 304 284 284 264 294 275 345 385 415 515 825 1065 1295 1435 1505 1625 1636 1616 1616 1656 1676 1676 1676 1677 1697 1687 1697 1697 1677 1667 1607 1558 1468 1348 1258 1138 938 778 658 558 528 488 489 489 479 459 479 459 459 459 459 460 460 460 460 470 480 490 480 460 441 451 441 461 461 431 431
290 300 311 321 321 331 332 322 312 303 283 263 274 264 284 304 294 284 285 275 355 385 385 415 705 1005 1265 1455 1536 1546 1576 1606 1646 1656 1676 1676 1687 1687 1687 1697 1697 1687 1687 1638 1638 1558 1478 1398 1338 1158 1028 908 698 619 549 519 489 489 479 479 459 459 459 460 470 480 490 480 480 490 490 490 481 471 461 461 461 461 461 431
280 280 281 301 301 312 322 312 312 303 293 273 274 264 234 274 284 294 284 295 255 355 385 385 415 585 1025 1215 1406 1436 1476 1526 1566 1606 1606 1637 1677 1687 1687 1707 1707 1697 1688 1698 1678 1678 1568 1528 1458 1348 1288 1148 979 859 659 579 539 529 489 489 459 469 490 510 490 490 490 480 480 490 490 491 491 491 471 461 461 461 461 461
280 260 291 261 291 292 302 302 303 293 293 283 284 284 274 284 274 294 284 285 255 285 355 365 355 365 535 936 1086 1256 1366 1366 1396 1486 1567 1587 1637 1657 1677 1687 1687 1698 1718 1718 1698 1708 1678 1618 1568 1448 1389 1319 1249 1089 819 759 629 559 519 519 510 490 490 490 490 490 490 480 490 490 491 491 491 491 491 461 451 451 451 452
280 281 281 271 271 292 292 292 293 273 283 273 274 274 274 274 274 274 254 275 275 245 315 325 335 335 365 436 436 726 976 1136 1246 1366 1447 1537 1557 1607 1647 1657 1678 1678 1678 1708 1728 1728 1718 1708 1678 1569 1509 1429 1349 1269 1189 1029 739 659 559 540 520 500 510 490 500 490 500 480 491 491 481 461 451 451 461 431 411 422 432 432
270 281 271 271 251 262 282 272 273 273 273 273 274 264 264 254 264 264 264 264 275 255 275 305 305 305 295 316 326 426 596 816 1046 1177 1297 1357 1437 1527 1577 1607 1638 1658 1658 1678 1698 1718 1728 1738 1709 1689 1659 1569 1489 1409 1319 1259 1049 929 670 620 570 530 520 500 490 490 480 461 461 491 471 451 461 461 461 451 442 442 432 432
280 271 261 271 272 272 252 262 273 273 263 263 264 264 264 264 264 254 244 244 255 245 245 225 275 285 285 256 316 346 396 586 706 987 1107 1217 1297 1357 1457 1528 1568 1608 1618 1648 1668 1688 1709 1729 1749 1729 1729 1709 1599 1539 1479 1359 1289 1190 1030 900 650 610 550 520 500 480 491 471 471 471 471 461 461 461 462 462 462 462 442 432
260 271 271 271 282 272 262 262 263 263 253 253 253 254 254 264 254 254 244 244 244 245 245 255 255 275 245 246 296 316 326 366 576 667 857 1027 1147 1237 1318 1408 1498 1508 1558 1608 1628 1649 1669 1689 1719 1739 1749 1739 1749 1689 1609 1499 1400 1320 1250 1150 1010 810 620 560 520 521 501 471 461 461 471 461 461 462 462 462 462 462 432 432
-9999 -9999 241 261 272 272 272 262 263 263 253 243 243 244 244 244 254 254 244 244 244 245 245 245 235 235 205 246 276 296 306 336 417 507 617 677 957 1047 1178 1258 1308 1388 1488 1488 1539 1589 1639 1669 1689 1709 1729 1749 1769 1749 1719 1630 1530 1480 1380 1310 1220 1120 990 770 651 541 501 481 461 461 461 461 462 462 462 462 462 452 442 432
-9999 -9999 -9999 -9999 242 252 262 272 263 263 253 253 243 244 244 254 244 244 244 244 234 244 235 235 215 185 215 246 256 276 286 306 337 387 477 527 637 778 978 1108 1218 1288 1338 1398 1419 1499 1539 1589 1629 1659 1699 1729 1739 1760 1750 1770 1730 1650 1550 1450 1370 1280 1170 1041 941 701 591 521 501 481 461 492 462 462 462 462 462 462 462 452
-9999 -9999 -9999 -9999 -9999 -9999 242 252 263 263 263 253 253 243 244 244 244 244 -9999 -9999 -9999 -9999 -9999 215 215 185 185 246 246 256 276 296 317 327 377 427 487 588 648 898 1038 1178 1258 1299 1339 1389 1399 1439 1529 1619 1639 1699 1740 1760 1770 1780 1770 1790 1720 1600 1490 1410 1301 1231 1131 1011 851 681 571 531 482 462 492 472 472 462 462 462 462 463
-9999 -9999 -9999 -9999 -9999 -9999 -9999 232 233 243 243 253 233 243 244 244 -9999 -9999 -9999 -9999 -9999 -9999 -9999 -9999 205 195 195 226 246 246 266 286 287 317 337 367 418 458 498 588 738 998 1109 1199 1259 1319 1339 1369 1439 1449 1519 1620 1680 1720 1750 1750 1770 1800 1820 1810 1680 1581 1431 1371 1321 1191 1091 1001 861 702 562 522 502 502 492 462 462 463 463 463
-9999 -9999 -9999 -9999 -9999 -9999 -9999 182 213 223 233 233 233 233 -9999 -9999 -9999 -9999 -9999 -9999 -9999 -9999 -9999 -9999 -9999 -9999 185 206 226 246 246 267 277 297 307 337 358 398 408 448 518 539 779 1029 1109 1209 1279 1309 1309 1360 1410 1450 1610 1650 1710 1740 1760 1780 1780 1820 1811 1771 1661 1541 1441 1351 1251 1131 1052 962 882 682 572 552 522 513 473 493 493 493
-9999 -9999 -9999 -9999 -9999 -9999 -9999 -9999 -9999 -9999 -9999 223 233 -9999 -9999 -9999 -9999 -9999 -9999 -9999 -9999 -9999 -9999 -9999 -9999 -9999 -9999 206 206 226 246 247 267 287 297 327 358 338 358 378 398 459 539 569 669 989 1159 1219 1240 1290 1320 1400 1450 1540 1640 1670 1710 1740 1770 1771 1811 1831 1801 1701 1601 1481 1401 1292 1202 1102 982 902 772 702 583 523 503 513 513 493
-9999 -9999 -9999 -9999 -9999 -9999 -9999 -9999 -9999 -9999 -9999 -9999 -9999 -9999 -9999 -9999 -9999 -9999 -9999 -9999 -9999 -9999 -9999 -9999 -9999 -9999 -9999 -9999 196 206 216 237 257 277 287 308 348 308 318 328 359 379 409 459 529 639 799 1119 1140 1220 1260 1330 1360 1440 1490 1600 1660 1680 1711 1721 1761 1781 1821 1841 1781 1671 1562 1452 1362 1252 1152 1042 942 873 743 613 493 533 523 503
-9999 -9999 -9999 -9999 -9999 -9999 -9999 -9999 -9999 -9999 -9999 -9999 -9999 -9999 -9999 -9999 -9999 -9999 -9999 -9999 -9999 -9999 -9999 -9999 -9999 -9999 -9999 -9999 -9999 -9999 216 227 247 257 277 298 308 288 318 318 329 349 349 379 409 469 539 590 740 970 1150 1250 1280 1330 1400 1480 1580 1621 1641 1661 1701 1701 1761 1821 1811 1792 1742 1652 1522 1392 1282 1192 1093 1003 913 813 703 633 573 543
211 -9999 -9999 -9999 -9999 -9999 -9999 -9999 -9999 -9999 -9999 -9999 -9999 -9999 -9999 -9999 -9999 -9999 -9999 -9999 -9999 -9999 -9999 -9999 -9999 -9999 -9999 -9999 -9999 -9999 -9999 227 227 247 267 278 298 298 308 309 319 329 339 349 359 409 410 440 530 600 810 930 1140 1240 1280 1360 1431 1551 1611 1641 1641 1651 1691 1722 1792 1812 1792 1732 1672 1582 1403 1323 1203 1113 983 913 813 763 683 624
211 211 -9999 -9999 -9999 -9999 -9999 -9999 -9999 -9999 -9999 -9999 -9999 -9999 -9999 -9999 -9999 -9999 -9999 -9999 -9999 -9999 -9999 -9999 -9999 -9999 -9999 -9999 -9999 -9999 -9999 -9999 207 227 248 268 288 278 288 299 309 319 319 329 329 360 370 400 430 490 480 590 820 1030 1111 1241 1311 1411 1541 1621 1641 1611 1632 1672 1712 1742 1792 1782 1742 1673 1573 1433 1353 1233 1133 1043 923 884 814 744
-9999 211 -9999 -9999 -9999 -9999 -9999 -9999 -9999 -9999 -9999 -9999 -9999 -9999 -9999 -9999 -9999 -9999 -9999 -9999 -9999 -9999 -9999 -9999 -9999 -9999 -9999 -9999 -9999 -9999 -9999 -9999 207 197 228 308 288 248 289 289 299 299 309 319 320 330 340 360 380 400 460 490 500 631 761 961 1101 1241 1391 1471 1631 1642 1622 1622 1652 1692 1732 1762 1743 1723 1713 1573 1523 1373 1273 1163 1054 984 884 824
201 201 -9999 -9999 -9999 -9999 -9999 -9999 -9999 -9999 -9999 -9999 -9999 -9999 -9999 -9999 -9999 -9999 -9999 -9999 -9999 -9999 -9999 -9999 -9999 -9999 -9999 -9999 -9999 -9999 -9999 -9999 -9999 197 208 248 468 248 249 269 279 289 289 300 300 310 320 340 360 370 380 431 451 471 571 611 661 911 1121 1271 1512 1582 1622 1612 1612 1612 1692 1693 1683 1683 1673 1703 1573 1503 1424 1314 1184 1094 1004 904
201 -9999 -9999 -9999 -9999 -9999 -9999 -9999 -9999 -9999 -9999 -9999 -9999 -9999 -9999 -9999 -9999 -9999 -9999 -9999 -9999 -9999 -9999 -9999 -9999 -9999 -9999 -9999 -9999 -9999 -9999 -9999 -9999 -9999 198 -9999 368 238 249 249 259 269 259 280 280 290 300 330 340 340 341 361 381 411 441 501 561 621 621 812 1142 1402 1542 1622 1602 1592 1613 1613 1623 1643 1673 1703 1693 1674 1554 1444 1304 1214 1074 964
-9999 -9999 -9999 -9999 -9999 -9999 -9999 -9999 -9999 -9999 -9999 -9999 -9999 -9999 -9999 -9999 -9999 -9999 -9999 -9999 -9999 -9999 -9999 -9999 -9999 -9999 -9999 -9999 -9999 -9999 -9999 -9999 -9999 -9999 198 218 278 238 249 249 259 249 250 250 260 260 290 300 310 331 311 341 341 371 391 401 421 501 522 582 632 772 1102 1372 1582 1593 1563 1553 1573 1663 1713 1743 1764 1754 1684 1604 1474 1384 1254 1144
-9999 -9999 -9999 -9999 -9999 -9999 -9999 -9999 -9999 -9999 -9999 -9999 -9999 -9999 -9999 -9999 -9999 -9999 -9999 -9999 -9999 -9999 -9999 -9999 -9999 -9999 -9999 -9999 -9999 -9999 -9999 -9999 -9999 -9999 188 178 318 239 239 239 249 249 240 230 230 250 260 270 290 311 311 311 331 341 341 371 382 392 412 432 402 452 522 702 1253 1473 1563 1553 1553 1583 1613 1744 1794 1794 1794 1734 1614 1504 1404 1225
-9999 -9999 -9999 -9999 -9999 -9999 -9999 -9999 -9999 -9999 -9999 -9999 -9999 -9999 -9999 -9999 -9999 -9999 -9999 -9999 -9999 -9999 -9999 -9999 -9999 -9999 -9999 -9999 -9999 -9999 -9999 -9999 -9999 -9999 -9999 198 318 249 249 239 239 239 230 210 200 210 250 260 271 291 301 311 311 331 341 352 362 372 372 392 392 382 402 423 533 853 1373 1533 1563 1543 1554 1604 1694 1794 1784 1774 1704 1645 1515 1365
-9999 -9999 -9999 -9999 -9999 -9999 -9999 -9999 -9999 -9999 -9999 -9999 -9999 -9999 -9999 -9999 -9999 -9999 -9999 -9999 -9999 -9999 -9999 -9999 -9999 -9999 -9999 -9999 -9999 -9999 -9999 -9999 -9999 -9999 -9999 178 228 299 229 229 229 229 220 200 200 200 220 250 261 281 301 301 311 311 322 332 352 342 352 362 362 362 363 373 373 443 523 1273 1523 1534 1524 1514 1544 1664 1814 1834 1775 1735 1655 1555
-9999 -9999 -9999 -9999 -9999 -9999 -9999 -9999 -9999 -9999 -9999 -9999 -9999 -9999 -9999 -9999 -9999 -9999 -9999 -9999 -9999 -9999 -9999 -9999 -9999 -9999 -9999 -9999 -9999 -9999 -9999 -9999 -9999 -9999 -9999 -9999 188 359 229 229 229 229 230 220 180 210 200 220 241 271 271 271 301 301 312 312 332 342 342 322 343 343 343 343 343 343 373 503 744 1234 1514 1484 1474 1474 1594 1775 1835 1815 1715 1615
-9999 -9999 -9999 -9999 -9999 -9999 -9999 -9999 -9999 -9999 -9999 -9999 -9999 -9999 -9999 -9999 -9999 -9999 -9999 -9999 -9999 -9999 -9999 -9999 -9999 -9999 -9999 -9999 -9999 -9999 -9999 -9999 -9999 -9999 -9999 -9999 188 339 229 219 219 219 230 210 210 220 170 190 240 261 261 251 271 291 302 312 332 322 312 313 333 313 333 323 333 333 333 354 364 504 1004 1324 1434 1434 1465 1595 1745 1845 1805 1695
-9999 -9999 -9999 -9999 -9999 -9999 -9999 -9999 -9999 -9999 -9999 -9999 -9999 -9999 -9999 -9999 -9999 -9999 -9999 -9999 -9999 -9999 -9999 -9999 -9999 -9999 -9999 -9999 -9999 -9999 -9999 -9999 -9999 -9999 -9999 -9999 -9999 319 249 229 229 219 220 210 200 220 210 190 210 241 251 251 261 281 282 302 312 312 312 303 303 303 313 303 303 313 324 324 314 354 504 924 1224 1345 1365 1405 1485 1715 1865 1805
-9999 -9999 -9999 -9999 -9999 -9999 -9999 -9999 -9999 -9999 -9999 -9999 -9999 -9999 -9999 -9999 -9999 -9999 -9999 -9999 -9999 -9999 -9999 -9999 -9999 -9999 -9999 -9999 -9999 -9999 -9999 -9999 -9999 -9999 -9999 -9999 -9999 319 279 219 249 219 210 210 210 210 210 200 190 200 211 241 251 271 302 302 292 282 292 293 303 313 293 273 273 284 334 314 324 304 304 404 655 1105 1235 1305 1345 1505 1725 1815
-9999 -9999 -9999 -9999 -9999 -9999 -9999 -9999 -9999 -9999 -9999 -9999 -9999 -9999 -9999 -9999 -9999 -9999 -9999 -9999 -9999 -9999 -9999 -9999 -9999 -9999 -9999 -9999 -9999 -9999 -9999 -9999 -9999 -9999 -9999 -9999 -9999 289 239 209 219 209 210 200 210 210 210 210 190 210 211 231 201 261 272 272 282 292 282 283 293 283 273 253 294 284 314 314 304 294 304 295 315 655 975 1145 1245 1305 1495 1716
-9999 -9999 -9999 -9999 -9999 -9999 -9999 -9999 -9999 -9999 -9999 -9999 -9999 -9999 -9999 -9999 -9999 -9999 -9999 -9999 -9999 -9999 -9999 -9999 -9999 -9999 -9999 -9999 -9999 -9999 -9999 -9999 -9999 -9999 -9999 -9999 -9999 319 209 209 199 199 199 200 200 210 200 200 180 220 231 201 221 251 271 262 262 272 282 273 293 283 283 293 304 304 284 294 304 304 295 295 285 325 555 925 1085 1225 1326 1606
