resources/bathymetry/FullBay100/mhhw1k.asc
ncols         789
nrows         882
xllcorner     531320.83645285
yllcorner     4142047.4765937
cellsize      100
[rows 105 to 139 of 882, columns 480 to 559 of 789]
-9999 -9999 -9999 -9999 -9999 -9999 -9999 -9999 -9999 -9999 -9999 -9999 -9999 -9999 -9999 -9999 -9999 -9999 -9999 -9999 496 506 556 -9999 216 285 285 295 305 535 485 245 225 255 345 395 405 385 345 284 274 264 264 264 264 274 274 284 284 284 284 284 284 293 283 283 293 293 293 293 293 293 293 292 292 292 292 292 292 292 292 282 281 281 281 271 271 281 270 270
-9999 -9999 -9999 -9999 -9999 -9999 -9999 -9999 -9999 -9999 -9999 -9999 -9999 -9999 -9999 -9999 -9999 -9999 -9999 -9999 -9999 -9999 -9999 -9999 -9999 -9999 -9999 -9999 -9999 165 505 515 255 275 345 375 395 395 355 304 274 264 264 264 264 274 284 284 284 284 294 284 294 293 293 293 293 293 293 303 303 303 303 293 292 292 302 292 292 292 292 282 292 281 281 281 271 281 281 280
-9999 -9999 -9999 -9999 -9999 -9999 -9999 -9999 -9999 -9999 -9999 -9999 -9999 -9999 -9999 -9999 -9999 -9999 -9999 -9999 -9999 -9999 -9999 -9999 -9999 -9999 -9999 -9999 -9999 -9999 355 605 345 285 335 375 395 385 355 294 274 274 274 264 274 274 274 284 294 294 294 294 284 294 293 293 293 293 303 303 303 303 303 303 292 292 292 292 292 292 292 282 292 291 281 281 281 281 271 280
-9999 -9999 -9999 -9999 -9999 -9999 -9999 -9999 -9999 -9999 -9999 -9999 -9999 -9999 -9999 -9999 -9999 -9999 -9999 -9999 -9999 -9999 -9999 -9999 -9999 -9999 -9999 -9999 -9999 -9999 185 395 615 315 335 375 385 385 355 305 284 274 274 264 274 274 284 294 304 294 294 294 294 294 293 293 293 303 303 303 303 303 303 293 293 292 302 302 292 292 292 282 292 291 281 281 281 281 281 280
-9999 -9999 -9999 -9999 -9999 -9999 -9999 -9999 -9999 -9999 -9999 -9999 -9999 -9999 -9999 -9999 -9999 -9999 -9999 -9999 -9999 -9999 -9999 -9999 -9999 -9999 -9999 -9999 -9999 -9999 155 255 615 335 345 365 395 385 355 315 284 284 274 284 284 284 284 284 304 294 294 294 294 294 293 293 303 303 303 303 303 303 303 303 303 303 302 302 292 292 292 282 292 292 281 281 281 281 281 281
-9999 -9999 -9999 -9999 -9999 -9999 -9999 -9999 -9999 -9999 -9999 -9999 -9999 -9999 -9999 -9999 -9999 -9999 -9999 -9999 -9999 -9999 -9999 -9999 -9999 -9999 -9999 -9999 -9999 -9999 165 245 455 415 355 375 385 395 355 315 294 284 284 284 284 294 294 294 294 304 304 294 304 294 303 303 303 303 303 303 303 303 303 303 303 303 302 302 292 292 292 292 292 292 281 281 281 281 281 281
-9999 -9999 -9999 -9999 -9999 -9999 -9999 -9999 -9999 -9999 -9999 -9999 -9999 -9999 -9999 -9999 -9999 -9999 -9999 -9999 -9999 -9999 -9999 -9999 -9999 -9999 -9999 -9999 -9999 -9999 175 235 395 435 365 375 395 385 355 315 294 294 284 294 284 294 294 294 304 304 294 304 304 304 304 293 303 303 303 303 303 303 303 303 303 303 303 302 302 292 292 292 292 292 292 281 281 281 281 271
-9999 -9999 -9999 -9999 -9999 -9999 -9999 -9999 -9999 -9999 -9999 -9999 -9999 -9999 -9999 -9999 -9999 -9999 -9999 -9999 -9999 -9999 -9999 -9999 -9999 -9999 -9999 -9999 -9999 -9999 175 235 355 445 405 385 385 385 355 315 304 294 294 294 294 304 304 294 304 304 304 304 304 304 304 303 303 303 303 303 303 303 303 303 303 303 303 303 302 292 302 292 292 292 282 281 281 281 281 281
-9999 -9999 -9999 -9999 -9999 -9999 -9999 -9999 -9999 -9999 -9999 -9999 -9999 -9999 -9999 -9999 -9999 -9999 -9999 -9999 -9999 -9999 -9999 -9999 -9999 -9999 -9999 -9999 -9999 -9999 185 225 395 435 395 395 395 385 355 325 314 304 304 294 304 294 294 304 324 304 314 314 304 314 314 303 313 303 303 313 313 313 303 303 303 303 303 313 292 292 292 292 292 292 292 281 281 281 291 281
-9999 -9999 -9999 -9999 -9999 -9999 -9999 -9999 -9999 -9999 -9999 -9999 -9999 -9999 -9999 -9999 -9999 -9999 -9999 -9999 -9999 -9999 -9999 -9999 -9999 -9999 -9999 -9999 -9999 155 195 235 365 425 405 415 395 385 355 325 314 314 304 304 304 304 304 304 314 304 324 324 314 314 314 313 313 303 303 313 313 313 313 303 303 303 303 303 303 292 292 292 292 292 282 291 281 281 291 281
-9999 -9999 -9999 -9999 -9999 -9999 -9999 -9999 -9999 -9999 -9999 -9999 -9999 -9999 -9999 -9999 -9999 -9999 -9999 -9999 -9999 -9999 -9999 -9999 -9999 -9999 -9999 -9999 -9999 165 205 255 355 435 415 415 415 385 355 335 324 324 314 314 314 314 314 314 314 324 314 324 314 324 314 313 313 313 313 303 313 313 313 313 313 303 303 303 303 292 302 292 292 292 292 281 281 281 291 281
-9999 -9999 -9999 -9999 -9999 -9999 -9999 -9999 -9999 -9999 -9999 -9999 -9999 -9999 -9999 -9999 -9999 -9999 -9999 -9999 -9999 -9999 -9999 -9999 -9999 -9999 -9999 -9999 -9999 185 215 265 425 435 415 425 425 385 365 335 334 334 324 324 324 324 324 324 324 334 334 324 324 324 314 313 313 313 313 313 313 313 313 313 313 303 303 303 303 302 302 292 292 292 292 281 281 281 281 291
-9999 -9999 -9999 -9999 -9999 -9999 -9999 -9999 -9999 -9999 -9999 -9999 -9999 -9999 -9999 -9999 -9999 -9999 -9999 -9999 -9999 -9999 -9999 -9999 -9999 -9999 -9999 -9999 155 205 215 275 445 425 435 425 425 385 365 345 344 334 344 334 334 334 334 334 334 344 334 334 324 324 324 323 323 313 313 313 313 313 313 313 313 313 303 313 303 302 302 302 292 292 292 281 281 281 281 281
-9999 -9999 -9999 -9999 -9999 -9999 -9999 -9999 -9999 -9999 -9999 -9999 -9999 -9999 -9999 -9999 -9999 -9999 -9999 -9999 -9999 -9999 -9999 -9999 -9999 -9999 -9999 -9999 175 195 235 325 465 435 425 425 415 395 375 354 354 354 354 344 334 344 344 344 334 334 334 354 354 344 334 333 323 323 323 313 313 313 313 313 303 313 303 303 312 302 302 302 292 292 281 281 281 281 281 290
-9999 -9999 -9999 -9999 -9999 -9999 -9999 -9999 -9999 -9999 -9999 -9999 -9999 -9999 -9999 -9999 -9999 -9999 -9999 -9999 -9999 -9999 -9999 -9999 -9999 -9999 -9999 145 195 215 255 415 465 455 455 435 405 395 385 374 374 364 364 354 364 364 354 354 354 354 354 344 344 344 344 333 323 323 323 323 313 313 313 313 313 313 303 303 302 292 302 302 292 292 291 281 281 281 281 280
-9999 -9999 -9999 -9999 -9999 -9999 -9999 -9999 -9999 -9999 -9999 -9999 -9999 -9999 -9999 -9999 -9999 -9999 -9999 -9999 -9999 -9999 -9999 -9999 -9999 -9999 -9999 165 205 225 295 475 465 455 455 435 415 405 395 384 384 394 384 374 374 374 384 374 374 364 374 364 354 354 344 343 333 333 323 323 313 313 313 313 313 313 303 303 302 292 292 292 282 292 291 281 281 281 280 280
-9999 -9999 -9999 -9999 -9999 -9999 -9999 -9999 -9999 -9999 -9999 -9999 -9999 -9999 -9999 -9999 -9999 -9999 -9999 -9999 -9999 -9999 -9999 -9999 -9999 -9999 155 185 205 255 385 455 475 475 455 435 425 415 404 404 404 404 414 404 404 394 394 394 384 384 394 384 374 364 353 353 343 333 333 323 313 313 313 313 313 303 303 303 302 292 292 292 282 281 281 281 281 281 280 290
-9999 -9999 -9999 -9999 -9999 -9999 -9999 -9999 -9999 -9999 -9999 -9999 -9999 -9999 -9999 -9999 -9999 -9999 -9999 -9999 -9999 -9999 -9999 -9999 -9999 -9999 165 195 225 315 465 485 495 485 465 445 435 435 434 434 434 434 434 434 434 434 434 424 424 424 414 404 394 394 373 373 363 353 343 333 323 323 323 313 313 303 303 302 292 292 292 292 282 281 281 281 281 280 280 280
-9999 -9999 -9999 -9999 -9999 -9999 -9999 -9999 -9999 -9999 -9999 -9999 -9999 -9999 -9999 -9999 -9999 -9999 -9999 -9999 -9999 -9999 -9999 -9999 -9999 165 195 225 275 445 485 505 505 495 475 455 465 465 464 464 474 484 484 484 484 494 494 504 484 484 484 484 484 444 433 413 393 373 363 343 333 323 323 313 313 303 303 302 292 292 292 292 281 281 281 281 280 280 280 280
-9999 -9999 -9999 -9999 -9999 -9999 -9999 -9999 -9999 -9999 -9999 -9999 -9999 -9999 -9999 -9999 -9999 -9999 -9999 -9999 -9999 -9999 -9999 -9999 155 165 205 265 365 495 515 515 515 515 505 505 485 484 494 504 514 534 534 544 554 574 564 564 564 584 594 594 594 574 543 523 483 433 403 373 353 343 333 323 313 313 303 292 292 282 292 281 281 291 280 280 280 280 279 279
-9999 -9999 -9999 -9999 -9999 -9999 -9999 -9999 -9999 -9999 -9999 -9999 -9999 -9999 -9999 -9999 -9999 -9999 -9999 -9999 -9999 -9999 -9999 145 165 185 245 325 505 515 525 535 535 525 515 545 524 544 554 564 574 584 574 584 574 574 584 594 594 604 614 634 644 653 643 623 603 563 513 453 383 363 343 323 313 313 302 302 292 292 292 281 281 280 280 280 280 269 269 269
-9999 -9999 -9999 -9999 -9999 -9999 -9999 -9999 -9999 -9999 -9999 -9999 -9999 -9999 -9999 -9999 -9999 -9999 -9999 -9999 -9999 -9999 -9999 155 185 225 345 485 535 525 535 545 535 555 565 595 594 584 594 584 584 584 624 634 644 644 644 644 654 684 664 674 674 683 693 703 703 693 673 663 553 453 383 353 333 313 302 302 292 292 291 291 290 290 280 279 279 269 269 269
-9999 -9999 -9999 -9999 -9999 -9999 -9999 -9999 -9999 -9999 -9999 -9999 -9999 -9999 -9999 -9999 -9999 -9999 -9999 -9999 -9999 -9999 155 185 235 305 435 525 535 555 555 555 575 605 625 644 644 624 634 654 664 654 664 674 664 674 674 674 684 694 704 704 703 703 703 703 713 743 753 723 703 653 533 393 353 323 312 292 292 291 291 310 300 300 289 279 269 259 259 239
-9999 -9999 -9999 -9999 -9999 -9999 -9999 -9999 -9999 -9999 -9999 -9999 -9999 -9999 -9999 -9999 -9999 -9999 -9999 -9999 -9999 155 175 235 335 445 515 535 565 575 595 615 655 675 685 704 704 704 694 694 684 684 694 694 694 694 694 694 704 704 714 733 733 733 733 733 743 743 753 763 773 763 723 613 473 372 332 312 291 281 281 290 320 330 299 269 259 239 239 -9999
-9999 -9999 -9999 -9999 -9999 -9999 -9999 -9999 -9999 -9999 -9999 -9999 -9999 -9999 -9999 -9999 -9999 -9999 -9999 -9999 155 185 235 355 445 505 545 575 595 615 685 705 745 755 754 764 764 744 724 704 694 694 694 684 684 684 714 704 714 704 704 703 723 743 743 733 743 753 763 753 803 813 813 803 733 532 382 342 311 291 280 280 290 290 440 260 250 -9999 -9999 -9999
-9999 -9999 -9999 -9999 -9999 -9999 -9999 -9999 -9999 -9999 -9999 -9999 -9999 -9999 -9999 -9999 -9999 -9999 -9999 165 165 265 345 455 525 565 585 635 655 725 775 815 855 894 844 784 744 714 674 654 664 644 634 664 684 684 714 704 724 734 713 703 693 683 703 723 723 723 733 753 783 823 843 873 882 772 612 541 381 330 270 -9999 31 31 31 -9999 -9999 -9999 -9999 -9999
-9999 -9999 -9999 -9999 -9999 -9999 -9999 -9999 -9999 -9999 -9999 -9999 -9999 -9999 -9999 -9999 -9999 -9999 155 175 265 355 465 525 565 595 685 715 775 855 925 985 925 864 804 724 694 644 634 634 644 634 624 654 654 654 654 654 704 704 693 703 673 643 633 633 663 693 703 743 743 793 843 912 932 972 1051 871 491 -9999 31 31 31 31 32 791 -9999 -9999 -9999 -9999
-9999 -9999 -9999 -9999 -9999 -9999 -9999 -9999 -9999 -9999 -9999 -9999 -9999 -9999 -9999 -9999 -9999 165 185 285 395 485 525 585 625 705 785 865 955 985 1005 935 864 774 704 674 634 624 624 634 634 624 594 594 594 584 554 584 534 563 533 563 533 543 543 543 553 573 623 663 703 743 773 832 902 972 1051 1111 970 300 -9999 31 31 32 32 32 -9999 -9999 -9999 -9999
-9999 -9999 -9999 -9999 -9999 -9999 -9999 -9999 -9999 -9999 -9999 -9999 -9999 -9999 -9999 -9999 176 185 325 415 495 535 595 655 795 875 935 1045 1075 1025 915 835 744 704 674 644 634 594 574 564 544 534 524 484 464 434 414 384 374 423 453 273 193 223 273 353 413 433 493 523 593 653 722 782 852 921 1031 1101 1050 960 430 -9999 32 32 33 952 -9999 -9999 -9999 -9999
-9999 -9999 -9999 -9999 -9999 -9999 -9999 -9999 -9999 -9999 -9999 -9999 -9999 -9999 -9999 186 205 345 415 495 525 625 715 865 975 1025 1105 1055 1005 885 805 764 694 674 644 624 594 554 534 474 454 444 434 394 364 344 334 324 353 423 473 -9999 34 34 34 193 223 253 333 423 473 513 582 642 752 831 951 1051 1090 1110 1011 921 671 492 33 33 -9999 -9999 -9999 -9999
-9999 -9999 -9999 -9999 -9999 -9999 -9999 -9999 -9999 -9999 -9999 -9999 -9999 -9999 196 236 355 435 495 545 645 805 905 1035 1075 1095 1035 975 895 805 775 704 644 604 584 564 514 484 444 404 364 344 344 324 314 304 314 313 333 433 383 243 34 34 34 34 34 34 203 233 303 402 492 542 582 651 761 901 1011 1061 1091 1111 1042 992 972 722 302 -9999 -9999 -9999
-9999 -9999 -9999 -9999 -9999 -9999 -9999 -9999 -9999 -9999 -9999 -9999 -9999 196 266 366 455 515 545 705 905 985 1045 1075 1065 1025 945 855 795 755 714 654 594 544 494 444 434 394 344 334 314 304 284 304 294 294 294 303 323 343 343 283 223 34 34 34 34 34 34 193 213 232 262 312 422 551 621 721 791 881 951 1042 1092 1112 1162 1202 1042 712 -9999 -9999
-9999 -9999 -9999 -9999 -9999 -9999 -9999 -9999 -9999 -9999 -9999 -9999 176 276 386 466 495 595 765 915 1035 1075 1075 1065 995 945 855 795 755 704 634 594 534 454 374 374 334 324 304 294 294 284 284 274 274 284 293 293 303 313 303 283 283 -9999 34 34 34 34 34 34 33 -9999 33 -9999 33 281 381 551 641 761 871 902 952 1012 1062 1072 1112 1141 1180 430
-9999 -9999 -9999 -9999 -9999 -9999 -9999 -9999 -9999 -9999 -9999 166 286 436 466 515 665 815 935 1065 1075 1075 1025 1005 935 875 815 775 705 644 544 444 384 334 324 294 284 284 284 284 274 284 274 274 284 294 303 303 303 293 293 273 273 273 -9999 34 34 34 34 34 33 33 33 33 32 32 32 32 32 -9999 442 642 852 932 962 982 1071 1081 1160 1149
-9999 -9999 -9999 -9999 -9999 -9999 -9999 -9999 -9999 -9999 166 326 426 506 546 665 855 985 1045 1075 1035 995 1025 935 875 835 765 665 544 414 364 334 304 304 294 284 274 274 274 274 284 274 284 284 284 293 293 293 293 293 273 273 273 273 -9999 34 34 34 34 33 33 33 33 33 32 32 32 32 32 32 33 33 -9999 572 852 952 1001 1040 1090 1089
