resources/bathymetry/FullBay100/mllw1k.asc
ncols         789
nrows         882
xllcorner     531320.83645285
yllcorner     4142047.4765937
cellsize      100
[rows 595 to 629 of 882, columns 320 to 399 of 789]
690 600 540 530 520 520 520 530 540 530 540 520 460 460 460 460 450 440 410 420 430 410 400 370 390 390 360 350 450 350 330 300 280 270 260 250 240 240 250 240 230 220 210 220 210 210 210 190 180 170 160 160 170 170 170 150 140 110 130 110 110 110 110 100 100 190 230 130 100 100 90 80 90 50 10 -9 40 40 40 30
680 660 580 540 510 500 500 500 510 520 520 510 480 470 450 450 450 430 410 410 410 410 400 380 350 400 380 370 350 340 330 310 300 280 260 250 250 250 250 240 220 220 220 200 210 210 190 190 190 160 160 160 170 160 160 150 120 120 130 130 120 120 120 130 180 240 110 100 100 100 90 80 70 40 0 20 50 40 50 50
640 690 620 560 540 510 500 490 510 510 530 510 500 480 460 450 440 460 420 410 390 400 400 390 360 380 380 370 350 340 330 310 300 310 280 260 250 250 250 240 220 220 210 210 210 200 170 180 180 170 160 160 160 150 140 140 150 150 150 150 140 140 150 220 240 130 110 100 100 90 90 70 50 30 60 60 50 50 60 60
630 620 650 590 570 530 490 500 490 500 480 490 510 480 470 450 460 460 420 400 400 400 400 390 380 370 380 370 360 340 340 320 310 290 280 260 260 250 240 240 230 230 220 210 200 190 180 180 180 180 170 160 160 140 140 130 160 180 180 170 160 170 200 170 150 130 110 100 80 80 70 50 20 40 60 60 60 60 60 60
640 610 620 660 590 560 530 500 490 490 490 470 500 480 480 450 460 450 420 410 390 390 390 400 390 370 370 380 350 350 340 320 310 300 290 280 270 240 250 260 240 230 220 220 210 200 190 180 180 170 160 160 150 140 140 140 140 170 170 170 180 230 190 150 130 110 110 100 90 70 70 50 40 70 80 70 70 60 60 60
660 630 620 630 610 580 550 510 490 500 490 490 450 490 460 450 450 440 440 420 400 390 370 390 390 380 370 360 360 340 340 330 320 310 300 290 270 270 250 240 360 250 230 220 220 210 200 190 180 170 170 170 160 150 150 150 170 180 170 190 220 240 150 110 110 120 120 110 100 70 40 80 90 90 90 80 80 70 60 60
660 630 620 590 590 590 570 530 510 500 490 490 490 480 440 430 440 430 440 420 400 390 380 380 370 380 370 360 360 340 330 310 300 310 300 300 290 260 250 250 250 240 250 240 230 220 210 200 190 180 170 160 180 180 170 180 200 180 160 220 290 160 120 120 110 120 130 110 80 80 100 100 90 90 90 90 80 70 70 60
690 640 610 610 560 620 590 540 530 480 490 470 480 460 460 450 450 440 430 420 430 390 430 380 370 370 370 370 370 360 340 330 320 310 310 300 280 270 270 260 260 260 250 250 250 240 220 210 200 190 170 170 190 210 180 190 170 190 210 220 160 140 130 130 120 120 120 100 90 110 110 100 100 90 90 100 80 70 60 60
680 650 580 620 570 550 590 570 530 530 510 490 470 480 460 450 440 440 430 410 400 390 380 380 370 370 370 360 370 380 340 320 320 310 300 290 290 300 290 280 280 260 240 250 240 220 220 200 200 200 190 170 180 200 200 180 190 250 210 160 150 150 150 140 130 120 70 100 110 110 110 110 110 100 90 90 80 80 60 60
660 660 610 610 590 550 550 590 540 520 500 490 480 460 460 460 450 440 430 410 390 390 380 380 370 360 360 350 350 360 370 360 330 310 290 320 300 290 300 270 260 230 230 230 220 220 210 210 210 230 220 200 200 190 190 200 260 270 160 160 160 160 150 140 120 90 100 110 110 110 120 110 110 100 90 80 80 80 60 60
680 670 640 590 580 570 540 540 550 530 480 510 480 450 470 380 450 440 430 410 400 390 380 380 370 360 350 340 330 330 340 340 340 310 300 320 300 290 280 260 250 240 250 260 280 250 230 240 230 250 220 190 200 190 230 260 220 200 180 170 160 150 130 120 80 80 120 120 110 120 120 110 100 100 90 100 80 80 60 60
670 650 650 600 570 570 540 530 530 540 490 480 480 450 490 470 450 440 420 410 400 390 380 370 370 370 350 340 340 370 350 330 320 320 310 310 300 290 290 270 270 240 240 270 290 280 230 220 220 210 210 220 200 190 240 320 200 170 160 160 160 140 130 120 70 100 110 120 110 120 120 120 110 100 100 90 90 70 70 60
670 660 650 640 570 560 550 530 520 520 500 460 470 510 510 510 460 450 410 440 410 390 380 370 360 360 360 350 370 370 360 350 340 330 310 290 290 290 290 280 280 270 270 260 250 250 280 230 210 210 210 210 210 200 190 190 190 170 140 130 130 140 130 120 120 120 110 120 120 110 90 110 110 110 100 80 80 70 70 70
670 620 620 640 590 560 550 530 530 520 510 460 460 480 500 510 510 480 480 460 440 430 410 400 390 380 360 350 370 370 350 340 340 330 320 310 300 290 280 280 280 270 260 270 240 230 250 240 220 210 210 210 210 190 190 180 160 150 130 140 140 130 120 110 110 120 110 130 130 110 80 70 110 100 90 90 90 80 80 70
660 650 600 620 610 560 540 530 530 530 490 470 450 420 460 510 500 500 490 470 450 450 420 430 420 410 390 380 380 380 360 340 330 320 320 310 310 290 280 280 270 280 260 250 250 260 250 270 230 210 210 220 200 190 170 160 140 130 140 150 120 120 130 120 150 120 100 120 140 110 100 100 100 100 90 80 80 90 80 80
640 620 570 580 590 560 550 490 530 540 510 500 450 450 460 480 500 470 450 430 420 410 380 380 370 370 370 370 320 320 320 320 320 320 310 310 300 280 270 280 270 270 260 250 240 240 240 240 230 240 220 200 180 160 140 180 150 130 170 140 110 120 120 120 140 130 110 100 130 120 110 110 100 90 90 80 70 80 80 70
670 610 570 540 550 530 540 550 530 520 520 500 500 460 440 440 480 450 440 410 390 380 380 360 360 350 350 340 330 320 300 300 290 290 290 300 290 270 270 260 260 260 260 250 240 230 220 210 220 210 200 160 160 160 150 140 130 130 160 120 110 110 130 110 170 130 120 100 120 120 100 100 100 80 70 80 90 80 80 70
690 610 570 550 540 530 560 560 550 530 530 510 460 480 450 430 450 490 460 410 390 380 370 360 350 350 340 330 330 320 310 290 300 290 280 270 260 250 260 250 260 260 260 250 240 240 230 220 210 210 190 170 160 180 160 150 130 160 150 120 120 130 120 100 120 120 110 100 120 110 100 70 90 100 100 90 80 80 80 80
690 690 610 570 530 520 520 540 560 540 530 510 510 490 460 440 420 370 450 410 390 380 370 350 340 330 330 330 320 320 310 300 290 240 280 280 270 260 240 220 240 250 250 250 250 240 230 230 220 210 200 180 170 170 160 150 140 130 150 120 120 130 120 100 110 110 100 110 120 120 110 80 100 110 90 90 90 80 80 70
710 680 610 580 530 510 510 530 550 550 530 510 470 480 470 460 410 430 450 440 420 420 370 360 340 330 330 320 320 310 310 300 310 290 290 280 280 270 270 250 250 240 220 230 250 240 220 230 220 220 200 190 190 190 170 140 150 180 150 120 120 110 120 100 110 110 120 120 100 100 110 100 100 110 100 90 90 80 80 80
690 670 650 600 550 530 510 500 520 530 520 520 500 490 470 450 440 430 410 420 470 460 440 400 360 340 330 320 320 310 310 290 310 290 290 290 290 290 280 260 260 240 220 220 220 220 220 220 220 210 200 200 200 200 170 150 180 170 150 130 110 100 90 120 110 100 130 120 100 110 110 100 90 100 110 90 80 70 90 80
690 670 620 610 570 530 510 500 500 520 510 510 490 480 480 460 440 430 400 400 410 410 420 450 410 370 340 330 320 320 310 300 300 280 290 280 280 280 280 280 270 240 240 230 220 220 210 190 200 220 200 210 190 190 180 160 180 170 150 120 110 100 100 110 130 120 120 110 100 120 110 90 90 90 100 80 80 100 90 80
660 660 620 610 580 540 510 490 490 510 510 500 480 480 490 480 440 430 420 400 400 390 380 340 400 430 390 350 330 310 300 300 300 300 300 290 280 270 280 270 260 260 260 240 230 220 200 190 190 180 190 200 190 180 180 180 160 160 140 120 110 110 110 110 110 120 110 110 110 110 100 110 90 80 90 90 90 90 100 90
610 660 620 600 590 550 510 490 480 490 490 500 510 480 480 470 450 430 430 410 400 390 380 370 360 370 380 360 360 340 330 340 330 330 310 310 300 280 260 250 250 240 250 240 230 230 220 200 180 200 190 170 170 190 180 170 140 150 150 130 120 110 120 110 130 120 110 110 110 100 100 90 110 100 90 90 100 90 90 80
610 640 660 630 620 590 540 510 490 490 500 500 500 490 470 470 470 430 430 420 410 390 380 370 360 350 350 350 360 370 380 340 340 350 340 320 330 330 310 270 250 250 250 240 230 220 220 220 190 190 190 180 160 190 160 150 140 140 150 130 120 130 100 110 140 120 120 110 110 90 90 90 110 100 90 100 90 100 100 80
600 620 640 620 610 590 550 510 490 480 480 480 480 480 480 470 450 430 430 420 420 390 380 380 360 350 350 340 340 330 330 320 310 320 320 310 310 310 300 290 270 260 250 240 210 210 200 200 200 220 190 180 150 170 130 110 120 130 150 140 120 130 110 110 140 130 130 100 110 110 80 100 110 100 110 100 100 80 100 100
580 590 620 620 610 590 570 520 490 480 470 460 470 470 460 450 440 420 430 420 410 400 380 380 360 350 340 340 340 330 330 310 300 320 320 330 310 300 290 280 270 260 250 250 220 200 190 180 190 190 170 170 150 130 120 120 120 120 140 140 130 140 110 120 110 140 130 110 130 120 110 100 90 100 110 110 100 100 100 90
570 570 580 600 600 560 580 530 500 480 470 460 460 470 460 450 440 440 440 430 410 410 390 380 360 350 340 330 330 330 320 320 310 320 310 310 310 300 280 280 270 260 260 240 220 200 190 180 170 180 160 160 160 150 120 120 130 160 140 130 140 180 160 150 140 130 120 110 110 130 120 110 110 100 100 100 110 100 100 90
560 560 560 580 580 530 520 530 500 480 470 450 470 460 460 450 440 430 430 420 410 400 390 370 380 350 340 340 330 320 310 310 310 310 300 300 300 280 260 270 260 250 220 220 210 190 190 170 180 180 180 190 160 150 120 100 140 150 150 150 160 150 160 150 140 100 120 130 100 110 130 110 110 100 100 100 100 100 100 100
560 550 540 550 570 530 500 490 510 490 460 450 450 450 450 440 440 440 430 440 430 400 390 380 360 340 340 340 330 320 320 310 310 310 310 300 290 270 260 260 250 240 230 220 210 200 190 170 180 190 200 180 160 140 130 130 160 180 170 170 170 160 150 140 140 130 120 120 110 120 110 90 110 110 110 100 90 110 90 90
570 550 550 560 560 540 510 500 510 500 470 440 440 440 440 420 430 430 430 420 410 400 390 380 370 360 340 330 330 330 310 290 300 290 270 280 270 270 260 250 240 240 220 220 210 210 190 180 200 210 200 180 160 160 160 160 170 170 180 170 170 160 150 140 120 130 120 120 120 110 110 120 120 110 100 100 100 80 100 100
570 550 550 550 550 540 520 500 490 500 480 440 450 440 450 420 420 420 420 420 410 410 410 400 380 370 360 340 330 310 310 300 300 290 270 260 270 270 260 250 230 230 220 220 220 210 200 210 210 190 180 170 150 150 180 170 180 170 170 170 160 160 150 130 130 110 120 120 130 110 120 120 110 110 110 110 110 100 90 90
570 550 550 540 540 540 520 510 490 490 480 440 430 430 420 410 410 420 410 410 430 430 420 410 400 370 360 330 310 300 300 300 290 300 270 270 270 280 260 250 240 240 230 220 170 220 220 220 210 200 180 170 160 170 190 200 190 180 160 160 150 160 140 140 120 130 100 110 120 130 110 90 120 120 130 110 110 110 90 80
560 550 550 540 540 540 530 510 500 480 470 440 420 430 420 410 410 410 400 410 440 420 400 380 370 360 330 330 320 310 310 300 280 290 280 270 270 270 260 250 250 240 230 230 230 230 220 220 210 200 190 180 180 190 190 190 180 180 160 160 170 160 140 130 120 110 90 110 130 120 110 120 130 120 110 100 110 100 110 100
550 540 530 530 530 530 530 510 480 470 470 450 440 440 450 420 420 400 400 440 440 400 380 370 350 340 330 330 330 310 310 300 290 290 280 270 270 270 260 250 250 240 230 240 240 230 220 210 210 200 190 180 190 190 180 170 180 190 170 170 180 150 140 130 120 120 120 130 130 120 110 130 120 120 120 120 100 80 90 100
