resources/bathymetry/FullBay100/mllw1k.asc
ncols         789
nrows         882
xllcorner     531320.83645285
yllcorner     4142047.4765937
cellsize      100
[rows 175 to 209 of 882, columns 240 to 319 of 789]
250 240 230 240 240 230 230 230 230 230 230 230 230 240 240 220 210 210 210 210 200 200 200 200 190 200 190 190 200 200 200 200 200 220 220 230 240 280 310 330 330 370 380 410 400 410 420 430 450 440 470 500 510 530 550 570 590 600 640 650 670 690 720 750 760 790 830 860 880 930 940 1050 1070 1130 1130 1180 1220 1260 1280 1320
250 240 240 240 240 230 220 240 240 230 230 230 230 240 240 220 220 210 210 210 200 200 200 200 200 200 200 200 210 210 210 220 230 250 270 270 310 350 370 400 420 420 430 440 450 460 460 480 500 500 510 560 570 580 610 620 640 650 670 690 720 740 770 820 850 890 930 930 1000 1040 1080 1100 1080 1150 1170 1200 1240 1250 1280 1300
250 250 240 240 230 230 230 230 230 230 230 230 220 240 240 230 220 210 210 210 200 210 200 200 200 200 210 210 230 240 240 270 300 350 370 410 380 430 440 450 440 460 460 470 490 510 580 510 540 550 560 590 610 630 640 660 660 710 710 720 810 870 910 970 1000 1030 1080 1100 1100 1130 1120 1140 1160 1190 1220 1240 1270 1260 1310 1310
250 250 250 240 240 240 230 240 240 240 230 230 230 240 240 230 220 210 210 210 200 210 210 210 210 220 220 240 260 290 300 350 370 430 440 460 460 470 480 460 470 480 460 490 530 550 550 570 600 590 610 650 650 670 690 760 780 830 880 950 1050 1080 1110 1130 1140 1140 1150 1130 1130 1140 1170 1170 1190 1210 1250 1290 1300 1320 1360 1390
250 240 240 240 240 240 230 230 240 220 230 230 220 240 240 230 220 210 220 220 210 220 220 230 230 250 270 300 340 380 420 440 460 470 470 470 480 500 510 510 490 490 510 560 550 590 590 620 630 660 690 690 770 860 910 1040 1080 1130 1150 1170 1160 1160 1150 1140 1140 1150 1110 1110 1110 1130 1150 1180 1230 1280 1280 1310 1330 1320 1370 1390
250 250 240 240 240 230 230 230 240 210 230 230 230 240 250 230 220 220 220 230 220 230 240 260 280 330 360 410 430 480 480 470 490 480 480 520 520 530 520 520 580 540 560 600 620 650 670 750 730 890 980 1070 1080 1120 1160 1170 1170 1160 1140 1100 1090 1110 1060 1030 1030 1010 1050 1100 1090 1160 1220 1230 1260 1290 1290 1290 1290 1300 1330 1310
250 250 240 240 240 240 230 230 240 210 230 230 230 240 250 240 240 230 240 250 250 270 290 350 380 470 480 500 510 500 500 500 520 520 540 570 600 610 610 580 560 650 720 800 890 960 980 1030 1050 1110 1130 1140 1130 1120 1100 1020 960 960 960 950 950 970 960 980 1020 1040 1090 1120 1160 1200 1200 1230 1220 1240 1230 1220 1250 1120 1120 1140
250 250 240 240 240 240 230 240 240 220 230 230 240 250 250 250 240 260 260 290 310 360 410 440 490 530 530 510 520 520 530 520 540 560 590 630 640 650 730 880 1040 1000 1080 1080 1090 1120 1140 1120 1110 1100 1050 980 920 880 880 910 910 930 940 950 950 940 970 1000 1020 1040 1100 1150 1160 1160 1150 1160 1170 1110 1060 1050 1030 1020 1000 940
250 250 250 240 240 240 230 240 240 230 240 240 240 260 260 270 270 290 320 380 420 470 500 520 520 520 530 520 540 540 560 560 580 620 640 650 740 970 1100 1140 1140 1130 1130 1130 1110 1080 1030 1010 940 860 810 850 840 880 910 920 940 950 960 970 960 960 980 1010 1020 1070 1100 1120 1110 1050 1030 1010 1010 1000 980 950 920 900 860 810
250 240 240 250 240 240 240 250 240 230 240 250 250 280 290 300 330 390 430 480 510 540 550 570 540 560 590 590 600 570 590 650 660 680 810 1030 1160 1180 1180 1140 1090 1030 1020 1010 930 880 850 860 830 870 860 870 870 900 890 910 930 930 920 940 950 960 970 990 1000 1020 970 990 990 970 960 960 950 920 890 860 820 790 750 660
250 250 250 250 250 250 240 250 260 240 270 270 270 310 340 380 450 490 530 550 560 560 550 600 620 630 590 600 610 700 690 680 780 1020 1180 1230 1190 1130 1060 970 910 820 840 810 840 840 850 850 860 880 860 900 910 890 890 890 900 910 900 920 910 910 920 930 940 910 920 900 910 930 900 890 850 820 800 740 680 640 590 530
250 250 260 260 260 250 250 260 260 260 280 300 320 410 450 480 510 550 570 580 580 620 620 640 650 640 650 640 710 690 730 960 1140 1240 1190 1150 1080 940 880 810 820 840 850 840 830 850 870 870 870 860 870 880 880 890 870 860 880 880 860 880 880 890 880 890 880 870 850 860 860 850 820 790 750 670 640 580 560 520 490 480
260 260 260 260 260 270 270 280 290 290 330 380 430 520 550 580 580 610 600 650 650 630 670 640 660 700 710 750 790 890 1040 1180 1170 1180 1080 920 800 820 830 840 860 840 840 860 870 860 870 840 860 860 870 850 850 870 840 820 860 860 830 820 840 840 840 820 820 830 830 820 790 760 730 650 620 560 540 510 490 460 430 410
270 270 280 280 280 290 290 320 340 390 430 520 540 600 620 630 630 640 680 660 680 650 720 740 730 760 800 890 1000 1130 1170 1150 1130 1000 870 820 860 850 840 860 820 820 820 850 880 850 830 840 860 860 850 820 810 810 820 810 810 830 780 780 810 800 790 810 800 760 740 720 670 630 580 550 490 490 470 440 430 390 370 340
280 290 290 300 310 320 330 380 430 470 540 590 610 650 660 670 700 690 690 700 750 760 740 810 840 890 950 1060 1160 1160 1150 1050 980 900 860 860 860 770 780 800 820 830 850 840 840 800 840 830 830 810 830 810 810 790 780 760 770 770 760 770 750 780 780 780 740 720 620 590 560 520 500 480 450 440 410 390 350 330 320 300
300 310 320 340 360 380 420 500 530 560 620 650 650 680 720 720 750 730 770 770 780 830 860 890 930 1020 1100 1180 1150 1100 1020 920 820 870 800 800 860 820 840 840 810 780 770 820 850 800 810 810 820 810 800 800 770 770 770 770 760 770 760 770 750 760 730 710 640 630 600 560 490 470 460 440 410 380 360 340 320 300 280 280
320 320 370 380 450 510 530 580 630 640 660 700 700 750 790 770 790 800 790 860 870 910 940 980 1040 1150 1160 1120 1050 970 900 870 830 850 810 800 840 850 770 790 750 790 790 780 730 780 790 780 770 770 770 760 760 750 760 760 740 740 730 710 680 650 630 590 570 520 500 490 460 440 390 370 350 330 300 290 280 270 260 250
360 380 440 500 560 600 630 650 670 730 710 750 780 810 810 840 810 860 890 920 930 970 1030 1120 1170 1140 1110 1010 920 850 800 810 780 820 820 810 780 770 760 730 800 770 790 770 750 760 780 770 770 740 750 750 740 720 720 710 700 680 650 630 590 570 550 510 490 460 450 430 410 370 390 330 300 290 290 270 260 260 250 240
430 470 540 580 640 660 690 730 720 740 790 810 820 850 850 880 910 930 950 960 970 1080 1160 1150 1130 1020 880 880 810 810 830 830 760 850 800 770 750 740 770 790 770 760 760 740 750 750 750 740 750 730 720 720 700 670 660 660 640 610 560 550 520 500 470 440 430 420 400 370 350 330 300 290 280 260 260 250 250 240 230 230
520 580 620 650 700 720 740 770 810 810 830 850 870 910 920 940 940 960 980 1040 1100 1170 1140 1050 970 860 810 830 870 810 790 840 750 740 760 770 760 770 770 760 760 760 750 750 720 760 750 740 720 700 680 660 660 640 620 590 560 530 490 480 450 440 430 410 370 350 350 320 280 270 260 260 250 250 250 240 240 230 220 220
610 660 700 730 770 780 810 840 870 860 890 880 920 970 980 980 990 1020 1090 1150 1160 1100 980 850 830 860 830 800 760 760 790 780 770 760 750 770 750 750 770 760 780 750 750 730 720 720 700 690 670 650 620 600 580 570 540 510 490 460 450 440 420 390 360 330 320 280 270 270 250 250 250 240 240 240 240 230 230 230 220 210
690 740 760 790 830 840 860 890 900 910 950 960 960 1000 1010 990 1070 1160 1180 1130 1070 920 880 880 900 820 820 760 760 750 780 760 760 760 760 760 760 760 760 750 740 730 740 700 690 680 650 630 610 580 560 540 520 510 470 450 440 430 410 390 370 330 310 290 280 260 250 250 240 240 240 230 230 220 220 220 210 210 210 210
760 790 810 840 870 890 890 940 950 970 990 1010 1000 1030 1050 1130 1180 1170 1120 970 850 880 840 800 860 790 760 790 780 760 760 760 760 760 750 760 760 740 740 720 710 690 690 640 610 610 590 580 550 530 510 480 460 450 430 430 410 390 360 340 320 290 280 270 250 250 240 230 230 230 230 220 220 210 220 210 210 200 200 200
830 860 870 890 920 960 960 990 1000 1010 1030 1020 1050 1120 1170 1170 1140 1000 840 870 870 840 810 780 820 800 790 760 760 750 760 760 750 740 740 730 720 700 700 680 640 620 600 570 540 540 530 510 500 480 450 430 410 400 370 360 350 330 310 300 280 270 250 240 240 240 230 230 230 220 220 210 210 210 210 200 190 190 190 190
880 890 920 940 970 990 1020 1030 1050 1040 1050 1100 1180 1200 1180 1070 960 910 820 880 850 810 800 800 810 780 770 760 740 750 740 740 720 720 700 690 660 640 620 610 580 560 530 510 490 490 480 470 450 430 410 390 360 350 320 310 310 300 270 270 260 240 240 230 230 230 220 220 220 210 210 210 210 200 200 190 190 190 190 190
920 930 970 1010 1020 1050 1050 1060 1070 1100 1140 1190 1160 1050 910 920 860 880 850 820 820 820 780 800 770 760 750 740 720 720 720 700 690 670 640 610 590 570 560 550 510 490 480 480 470 460 450 440 420 390 360 340 320 310 290 280 270 270 260 240 240 240 230 230 230 220 220 210 210 200 210 200 200 200 200 190 190 180 180 190
960 990 1020 1040 1070 1090 1080 1090 1130 1180 1190 1100 960 970 920 920 850 840 840 800 780 790 790 760 750 740 730 720 710 690 680 640 620 590 580 560 560 540 500 490 480 470 460 450 430 430 410 380 360 340 320 300 290 280 270 260 250 240 230 230 220 230 220 220 220 220 220 210 200 200 200 210 200 190 190 180 180 180 200 190
1020 1050 1080 1100 1100 1100 1110 1170 1200 1150 980 890 880 920 860 860 840 850 800 800 790 770 760 750 730 720 700 680 640 620 600 590 570 560 540 520 500 480 470 460 450 440 420 400 380 370 350 330 320 300 290 270 260 250 250 230 230 220 220 220 220 220 220 220 220 210 210 210 210 210 200 200 190 190 180 180 180 180 190 190
1070 1100 1130 1120 1130 1140 1190 1190 1110 960 910 860 910 880 860 850 820 810 790 780 760 730 740 720 700 660 640 610 590 580 550 540 530 500 480 470 460 460 440 430 410 390 370 360 340 320 310 300 280 270 260 250 240 240 230 230 220 220 210 210 210 210 220 210 220 210 210 210 210 200 190 190 180 180 180 170 180 180 190 190
1120 1140 1150 1140 1180 1210 1170 1000 930 910 860 870 850 830 830 820 810 790 770 760 750 720 710 670 640 620 600 580 550 530 520 510 490 490 470 450 440 420 410 400 380 360 340 330 310 300 280 280 270 240 240 240 240 230 220 220 220 220 210 210 210 210 220 220 210 210 210 210 200 190 190 180 170 170 180 180 180 180 180 180
1150 1150 1180 1210 1200 1090 950 910 890 890 860 850 850 840 830 810 790 770 730 700 690 650 620 610 580 560 540 520 500 490 490 470 460 450 430 410 390 380 350 340 330 320 300 280 270 270 260 250 250 240 230 230 230 230 220 220 210 210 210 210 210 220 220 220 220 210 210 200 190 180 180 170 170 170 170 180 180 180 170 160
1180 1200 1230 1180 1040 900 930 930 900 890 880 840 840 830 820 790 750 710 660 630 590 600 580 560 530 520 520 490 460 460 450 430 410 410 390 370 350 340 320 310 290 290 270 260 250 250 250 250 240 230 230 220 230 220 220 220 210 210 210 210 210 220 220 210 210 200 190 190 180 170 170 170 170 170 180 180 180 170 170 150
1240 1230 1170 1040 940 940 910 920 910 880 870 840 830 820 770 720 680 640 610 580 560 550 540 510 500 490 480 460 440 430 400 400 380 370 350 340 330 300 290 280 270 260 250 250 250 250 250 240 240 230 230 220 220 220 220 220 210 210 220 210 210 210 210 200 190 190 180 180 170 170 180 180 180 180 190 180 170 170 150 140
1220 1130 980 940 950 950 890 920 890 860 840 810 770 710 650 630 610 590 570 550 520 490 500 490 450 460 410 420 390 380 370 360 350 340 310 310 290 280 260 260 260 250 250 250 240 240 240 240 230 230 230 230 230 220 230 220 210 210 210 200 190 200 190 180 190 180 180 180 180 180 180 180 190 190 180 170 170 160 140 120
1100 980 950 940 950 920 910 880 850 840 770 700 690 630 580 570 570 550 540 510 490 470 460 430 420 400 390 380 360 340 340 330 310 300 290 280 280 270 260 260 260 250 240 250 250 240 240 240 240 230 230 230 230 220 220 220 200 200 200 190 190 180 180 180 180 170 180 180 180 190 190 190 190 190 180 170 160 140 120 110
