resources/bathymetry/FullBay100/mllw1k.asc
ncols         789
nrows         882
xllcorner     531320.83645285
yllcorner     4142047.4765937
cellsize      100
[rows 385 to 419 of 882, columns 240 to 319 of 789]
280 280 270 270 270 270 260 260 250 250 250 240 240 250 240 240 230 220 230 210 220 230 220 220 210 220 230 220 230 250 250 240 230 230 220 220 220 220 210 210 220 200 190 190 190 190 190 -9999 -9999 -9999 -9999 -9999 -9999 -9999 70 60 -9999 -9999 -9999 -9999 -9999 -9999 -9999 -9999 -9999 -9999 -9999 -9999 -9999 -9999 -9999 -9999 -9999 -9999 -9999 -9999 -9999 -9999 -9999 -9999
280 280 280 270 270 260 270 260 250 250 250 260 250 250 250 240 230 240 230 220 230 220 220 230 220 220 220 220 230 250 240 240 240 230 230 220 230 220 220 220 220 210 200 200 200 200 200 200 -9999 -9999 -9999 -9999 -9999 -9999 -9999 -9999 -9999 -9999 -9999 -9999 -9999 -9999 -9999 -9999 -9999 -9999 -9999 -9999 -9999 -9999 -9999 -9999 -9999 -9999 -9999 -9999 -9999 -9999 -9999 -9999
290 290 280 270 270 270 280 270 260 260 270 260 260 260 250 250 240 240 230 230 240 220 220 230 220 220 220 220 220 240 230 230 250 240 230 230 220 220 220 220 220 210 210 210 210 210 200 200 220 -9999 -9999 210 240 -9999 -9999 -9999 -9999 -9999 -9999 -9999 -9999 -9999 -9999 -9999 -9999 -9999 -9999 -9999 -9999 -9999 -9999 -9999 -9999 -9999 -9999 -9999 -9999 -9999 -9999 -9999
280 290 290 280 280 280 280 270 270 270 260 270 260 260 260 250 240 240 240 240 230 230 230 230 230 230 230 220 220 230 230 240 240 240 240 230 230 230 220 220 210 210 210 210 210 210 210 220 220 150 230 270 370 610 -9999 -9999 -9999 -9999 -9999 -9999 -9999 -9999 -9999 -9999 -9999 -9999 -9999 -9999 -9999 -9999 -9999 -9999 -9999 -9999 -9999 -9999 -9999 -9999 -9999 -9999
300 300 290 290 290 290 280 280 270 270 260 270 260 270 270 260 250 250 240 240 240 230 240 240 230 230 230 230 220 220 220 230 250 250 250 240 230 230 220 220 220 220 220 210 210 210 210 240 160 240 220 450 720 630 420 -9999 -9999 -9999 -9999 -9999 -9999 -9999 -9999 -9999 -9999 -9999 -9999 -9999 -9999 -9999 -9999 -9999 -9999 -9999 -9999 -9999 -9999 -9999 -9999 -9999
310 310 300 300 290 290 280 280 270 270 270 270 260 260 270 270 260 260 240 250 240 240 250 250 240 240 240 240 230 220 220 230 240 250 250 250 240 240 230 230 230 220 220 220 220 220 220 210 -9999 210 210 310 550 540 510 -9999 -9999 -9999 -9999 -9999 -9999 -9999 -9999 -9999 -9999 -9999 -9999 -9999 -9999 -9999 -9999 -9999 -9999 -9999 -9999 -9999 -9999 -9999 -9999 -9999
320 320 320 300 300 290 290 280 270 270 270 270 270 260 270 270 260 270 270 260 250 240 250 250 240 240 240 240 240 240 230 240 250 250 250 250 240 240 240 230 240 230 220 220 220 210 220 210 230 240 -9999 290 570 430 290 -9999 -9999 20 0 -9999 -9999 -9999 -9999 -9999 -9999 -9999 -9999 -9999 -9999 -9999 -9999 -9999 -9999 -9999 -9999 -9999 -9999 -9999 -9999 -9999
340 330 320 310 300 310 290 290 280 280 280 280 270 270 270 270 260 260 270 270 260 240 250 250 250 240 250 250 230 250 240 240 250 260 260 250 230 240 240 240 230 240 230 230 230 220 220 220 240 220 -9999 -9999 -9999 -9999 -9999 -9999 60 50 30 0 -9999 -9999 -9999 -9999 -9999 -9999 -9999 -9999 -9999 -9999 -9999 -9999 -9999 -9999 -9999 -9999 -9999 -9999 -9999 -9999
340 340 320 310 310 310 300 300 300 290 290 290 270 270 280 280 280 270 270 280 270 250 250 260 260 250 250 240 240 240 240 250 250 240 270 260 260 250 260 230 240 240 240 240 240 240 240 240 220 230 -9999 -9999 -9999 -9999 -9999 100 90 100 60 20 -9999 10 -9999 -9999 -9999 -9999 -9999 -9999 -9999 -9999 -9999 -9999 -9999 -9999 -9999 -9999 -9999 -9999 -9999 -9999
340 340 330 320 310 310 310 300 300 290 300 290 280 280 290 280 270 270 270 280 270 270 260 260 260 250 250 240 240 250 250 240 250 250 250 250 260 260 240 250 240 240 240 240 230 240 230 230 240 240 -9999 -9999 -9999 90 110 110 100 110 110 50 -9999 0 0 -9999 -9999 -9999 -9999 -9999 -9999 -9999 -9999 -9999 -9999 -9999 -9999 -9999 -9999 -9999 -9999 -9999
360 350 330 320 320 330 320 320 320 310 310 310 300 290 300 290 280 280 290 280 270 270 280 270 260 260 250 260 250 260 250 250 250 250 250 240 250 260 270 250 250 240 240 240 220 240 240 240 240 230 260 -9999 90 100 120 120 110 120 120 70 -9999 -9 0 0 -9999 -9999 -9999 -9999 -9999 -9999 -9999 -9999 -9999 -9999 -9999 -9999 -9999 -9999 -9999 -9999
370 350 340 330 330 340 330 330 330 330 320 320 310 300 300 300 290 290 280 280 270 270 270 270 260 260 260 250 250 240 240 250 250 240 250 250 250 260 240 250 250 250 240 250 250 240 230 240 240 230 240 -9999 -9999 100 140 150 140 150 140 110 60 -9999 10 0 -9999 -9999 -9999 -9999 -9999 -9999 -9999 -9999 -9999 -9999 -9999 -9999 -9999 -9999 -9999 -9999
380 370 350 350 340 350 340 340 330 320 330 320 310 310 310 300 290 280 290 280 280 270 270 280 270 260 260 250 250 250 240 250 240 250 250 260 260 260 260 260 240 230 260 240 240 240 230 230 230 220 230 -9999 60 140 170 170 150 180 160 130 100 60 30 0 -9999 -9999 -9999 -9999 -9999 -9999 -9999 -9999 -9999 -9999 -9999 -9999 -9999 -9999 -9999 -9999
390 370 360 360 360 350 350 340 340 340 340 330 320 310 310 310 300 300 290 280 280 280 280 270 270 260 250 250 260 250 240 240 250 250 250 260 260 270 250 250 250 240 240 250 240 230 220 220 220 220 230 200 170 170 190 190 180 160 170 150 130 120 80 10 -9999 -9999 -9999 -9999 -9999 -9999 -9999 -9999 -9999 -9999 -9999 -9999 -9999 -9999 -9999 -9999
400 400 380 370 360 350 350 350 350 340 340 330 320 310 310 310 300 290 300 280 280 270 270 270 270 260 260 250 260 250 250 250 250 250 260 260 270 260 260 250 240 240 240 240 240 230 230 210 220 220 220 230 210 190 180 170 170 170 160 150 150 120 90 0 10 -9999 -9999 -9999 -9999 -9999 -9999 -9999 -9999 -9999 -9999 -9999 -9999 -9999 -9999 -9999
410 400 380 370 360 350 350 350 340 340 330 330 320 310 310 310 290 290 280 280 270 270 260 260 260 260 260 250 260 260 260 240 260 250 260 280 280 270 250 250 240 240 230 230 230 220 220 220 210 210 210 200 200 190 180 180 180 170 170 150 150 140 110 40 40 -9999 -9999 -9999 -9999 -9999 -9999 -9999 -9999 -9999 -9999 -9999 -9999 -9999 -9999 -9999
410 400 380 370 370 350 350 340 340 340 330 320 310 310 310 300 290 290 270 270 270 270 260 260 260 260 250 260 260 260 250 250 270 280 290 280 260 250 250 240 240 240 240 230 230 220 220 210 210 210 200 200 190 190 180 180 170 160 160 150 160 140 130 80 40 -9999 -9999 -9999 -9999 -9999 -9999 -9999 -9999 -9999 -9999 -9999 -9999 -9999 -9999 -9999
410 400 380 370 350 350 340 330 320 330 310 310 310 300 300 300 280 270 270 270 280 270 260 260 260 270 260 250 250 250 270 290 260 270 260 260 260 250 240 240 240 240 230 230 230 220 220 210 210 200 200 190 190 190 180 180 170 170 160 160 140 140 140 100 30 -9999 -9999 -9999 -9999 -9999 -9999 -9999 -9999 -9999 -9999 -9999 -9999 -9999 -9999 -9999
430 400 380 360 340 340 320 320 310 310 310 300 300 290 290 290 280 290 270 260 270 260 270 270 270 260 260 250 270 260 270 260 260 250 260 260 260 240 240 240 240 240 230 240 230 220 220 210 210 210 200 200 190 180 180 180 180 180 170 160 170 150 140 120 50 40 -9999 -9999 -9999 -9999 -9999 -9999 -9999 -9999 -9999 -9999 -9999 -9999 -9999 -9999
440 390 360 350 330 320 320 310 310 310 310 300 300 300 300 290 280 280 270 260 270 270 270 260 250 250 290 290 260 260 270 270 260 250 260 250 260 260 260 250 250 240 240 230 230 220 210 210 200 190 190 190 190 190 180 180 180 170 180 170 160 160 130 110 50 40 -9999 -9999 -9999 -9999 -9999 -9999 -9999 -9999 -9999 -9999 -9999 -9999 -9999 -9999
440 410 390 380 340 340 330 320 310 310 310 310 300 300 300 290 280 270 260 260 280 270 260 260 280 280 280 270 270 270 270 290 270 270 270 260 260 260 250 240 240 240 230 230 220 200 200 200 190 180 150 190 190 180 170 170 170 170 170 170 170 160 140 110 60 30 -9999 -9999 -9999 -9999 -9999 -9999 -9999 -9999 -9999 -9999 -9999 -9999 -9999 -9999
480 450 420 410 370 350 340 330 320 320 300 310 300 290 300 290 280 270 270 270 250 280 300 270 270 270 280 270 290 280 300 280 280 270 270 270 260 260 250 250 240 240 230 230 210 200 190 180 170 140 180 180 180 180 180 180 170 170 170 170 160 150 130 100 20 20 -9999 -9999 -9999 -9999 -9999 -9999 -9999 -9999 -9999 -9999 -9999 -9999 -9999 -9999
560 500 450 440 400 370 360 340 330 310 310 310 300 290 290 300 280 290 290 300 310 280 280 280 280 280 290 290 300 280 270 280 280 270 260 260 260 250 250 250 240 240 230 230 210 190 180 170 170 140 160 170 180 180 180 180 180 170 170 160 160 150 130 60 20 20 -9999 -9999 -9999 -9999 -9999 -9999 -9999 -9999 -9999 -9999 -9999 -9999 -9999 -9999
740 600 540 490 460 400 390 360 350 330 320 310 300 290 280 280 300 310 290 280 290 280 280 280 280 280 280 290 290 280 280 280 270 260 260 260 260 260 250 250 240 240 240 220 200 180 170 160 90 90 140 180 180 180 180 180 180 170 170 160 160 160 140 80 40 -9999 -9999 -9999 -9999 -9999 -9999 -9999 -9999 -9999 -9999 -9999 -9999 -9999 -9999 -9999
880 760 680 590 520 460 430 390 370 360 340 320 290 290 290 310 290 280 290 290 300 300 300 290 290 300 300 290 300 290 290 280 270 270 260 260 260 250 250 250 240 240 230 230 230 180 170 130 40 30 140 150 150 170 180 170 170 170 170 160 160 150 150 100 30 -9999 -9999 -9999 -9999 -9999 -9999 -9999 -9999 -9999 -9999 -9999 -9999 -9999 -9999 -9999
970 910 850 770 680 620 550 460 410 410 400 400 310 300 290 280 300 300 300 300 310 300 290 290 290 290 290 290 300 300 290 290 280 270 260 250 260 250 250 240 240 250 250 240 220 190 170 120 40 30 90 130 150 160 170 170 170 160 160 160 150 150 130 100 10 -9999 -9999 -9999 -9999 -9999 -9999 -9999 -9999 -9999 -9999 -9999 -9999 -9999 -9999 -9999
910 900 830 800 740 700 650 540 480 440 420 430 390 370 310 300 290 300 300 300 310 300 290 280 280 290 290 290 290 290 280 280 280 280 270 260 260 260 250 250 250 250 250 240 230 200 170 120 60 10 60 140 140 150 160 160 160 160 160 150 150 150 110 90 40 -9999 -9999 -9999 -9999 -9999 -9999 -9999 -9999 -9999 -9999 -9999 -9999 -9999 -9999 -9999
910 860 830 770 730 710 680 650 600 500 450 420 410 400 360 340 330 330 320 320 330 310 310 300 300 300 310 300 300 300 290 280 280 280 270 260 260 260 260 260 260 250 250 270 460 180 140 130 110 40 40 90 140 150 160 150 160 160 160 150 150 140 110 60 30 -9999 20 -9999 -9999 -9999 -9999 -9999 -9999 -9999 -9999 -9999 -9999 -9999 -9999 -9999
930 870 830 800 760 750 700 690 650 570 510 450 420 410 390 360 350 330 340 310 340 320 310 300 300 300 310 300 300 310 300 290 290 280 270 270 260 270 270 280 380 550 750 730 680 230 160 150 120 100 70 120 150 160 160 150 160 150 150 160 140 130 110 90 70 30 20 -9999 -9999 -9999 -9999 -9999 -9999 -9999 -9999 -9999 -9999 -9999 -9999 -9999
930 890 850 820 790 770 730 700 680 630 580 500 430 420 400 370 340 330 330 320 320 310 310 310 310 300 310 300 300 300 310 300 290 280 280 280 280 300 300 370 620 770 770 780 730 350 190 160 140 130 140 140 200 200 210 220 230 160 150 150 140 130 120 100 90 40 20 20 -9999 -9999 -9999 -9999 -9999 -9999 -9999 -9999 -9999 -9999 -9999 -9999
910 890 860 850 840 840 790 740 690 670 640 570 500 480 420 380 350 340 320 310 320 310 310 310 310 300 290 300 290 300 300 290 290 280 280 270 270 300 350 600 520 350 770 790 700 580 150 160 160 150 170 220 150 150 160 140 190 150 150 140 140 130 120 100 90 60 30 -9999 -9999 -9999 -9999 -9999 -9999 -9999 -9999 -9999 -9999 -9999 -9999 -9999
870 900 880 860 860 860 830 790 750 690 640 610 570 540 470 410 370 350 340 320 320 310 310 310 310 300 300 290 290 290 310 290 280 270 270 260 270 280 330 290 310 420 570 300 230 210 200 190 180 230 180 170 -9999 -9999 190 200 220 140 150 140 150 130 110 70 70 60 40 40 -9999 -9999 -9999 -9999 -9999 -9999 -9999 -9999 -9999 -9999 -9999 -9999
870 860 890 890 870 890 840 840 800 720 660 610 600 580 520 440 390 370 350 330 320 310 320 310 300 290 300 310 310 310 310 280 280 280 280 290 290 270 270 220 250 270 260 240 240 220 220 210 230 190 190 160 130 -9999 -9999 220 120 140 150 140 130 120 120 100 60 50 50 -9999 -9999 -9999 -9999 -9999 -9999 -9999 -9999 -9999 -9999 -9999 -9999 -9999
820 840 870 880 870 870 870 880 850 780 750 660 600 580 550 480 410 370 350 340 330 320 300 300 290 290 290 290 290 300 280 270 270 290 330 280 230 210 230 210 220 230 230 240 250 230 240 220 210 190 180 170 -9999 -9999 210 240 130 130 110 100 80 70 70 50 40 40 -9999 -9999 -9999 -9999 -9999 -9999 -9999 -9999 -9999 -9999 -9999 -9999 -9999 -9999
820 820 860 870 880 890 920 930 920 890 820 750 650 610 560 520 460 390 360 330 310 300 280 280 280 270 280 290 270 270 270 250 320 590 660 630 480 220 210 220 230 240 230 240 240 230 230 210 200 200 180 140 -9999 -9999 210 140 130 120 110 60 -9999 -9999 -9999 -9999 -9999 -9999 -9999 -9999 -9999 -9999 -9999 -9999 -9999 -9999 -9999 -9999 -9999 -9999 -9999 -9999
