resources/bathymetry/FullBay100/mllw1k.asc
ncols         789
nrows         882
xllcorner     531320.83645285
yllcorner     4142047.4765937
cellsize      100
[rows 420 to 454 of 882, columns 80 to 159 of 789]
970 1070 660 510 500 -9999 -9999 -9999 -9999 -9999 -9999 -9999 -9999 -9999 -9999 -9999 -9999 -9999 -9999 -9999 -9999 -9999 -9999 -9999 -9999 -9999 -9999 -9999 -9999 -9999 -9999 -9999 -9999 -9999 -9999 -9999 -9999 -9999 -9999 -9999 -9999 -9999 -9999 -9999 -9999 -9999 -9999 -9999 -9999 -9999 -9999 -9999 -9999 -9999 -9999 -9999 -9999 -9999 -9999 -9999 -9999 -9999 -9999 -9999 -9999 -9999 -9999 -9999 -9999 -9999 -9999 -9999 -9999 1490 3340 4600 4690 4600 4230 3710
1220 1170 880 540 980 -9999 -9999 -9999 -9999 -9999 -9999 -9999 -9999 -9999 -9999 -9999 -9999 -9999 -9999 -9999 -9999 -9999 -9999 -9999 -9999 -9999 -9999 -9999 -9999 -9999 -9999 -9999 -9999 -9999 -9999 -9999 -9999 -9999 -9999 -9999 -9999 -9999 -9999 -9999 -9999 -9999 -9999 -9999 -9999 -9999 -9999 -9999 -9999 -9999 -9999 -9999 -9999 -9999 -9999 -9999 -9999 -9999 -9999 -9999 -9999 -9999 -9999 -9999 -9999 -9999 -9999 -9999 -9999 -9999 2050 4540 4740 4760 4520 4070
1480 1280 1070 740 640 730 -9999 -9999 -9999 -9999 -9999 -9999 -9999 -9999 -9999 -9999 -9999 -9999 -9999 -9999 -9999 -9999 -9999 -9999 -9999 -9999 -9999 -9999 -9999 -9999 -9999 -9999 -9999 -9999 -9999 -9999 -9999 -9999 -9999 -9999 -9999 -9999 -9999 -9999 -9999 -9999 -9999 -9999 -9999 -9999 -9999 -9999 -9999 -9999 -9999 -9999 -9999 -9999 -9999 -9999 -9999 -9999 -9999 -9999 -9999 -9999 -9999 -9999 -9999 -9999 -9999 -9999 -9999 -9999 -9999 2450 4760 4820 4610 4360
1650 1400 1140 970 820 820 920 -9999 -9999 -9999 -9999 -9999 -9999 -9999 -9999 -9999 -9999 -9999 -9999 -9999 -9999 -9999 -9999 -9999 -9999 -9999 -9999 -9999 -9999 -9999 -9999 -9999 -9999 -9999 -9999 -9999 -9999 -9999 -9999 -9999 -9999 -9999 -9999 -9999 -9999 -9999 -9999 -9999 -9999 -9999 -9999 -9999 -9999 -9999 -9999 -9999 -9999 -9999 -9999 -9999 -9999 -9999 -9999 -9999 -9999 -9999 -9999 -9999 -9999 -9999 -9999 -9999 -9999 -9999 -9999 -9999 4670 4810 4960 4650
1730 1520 1310 880 800 870 930 -9999 -9999 -9999 -9999 -9999 -9999 -9999 -9999 -9999 -9999 -9999 -9999 -9999 -9999 -9999 -9999 -9999 -9999 -9999 -9999 -9999 -9999 -9999 -9999 -9999 -9999 -9999 -9999 -9999 -9999 -9999 -9999 -9999 -9999 -9999 -9999 -9999 -9999 -9999 -9999 -9999 -9999 -9999 -9999 -9999 -9999 -9999 -9999 -9999 -9999 -9999 -9999 -9999 -9999 -9999 -9999 -9999 -9999 -9999 -9999 -9999 -9999 -9999 -9999 -9999 -9999 -9999 -9999 -9999 4950 4790 5300 4880
1770 1430 1280 1030 980 910 940 -9999 -9999 -9999 -9999 -9999 -9999 -9999 -9999 -9999 -9999 -9999 -9999 -9999 -9999 -9999 -9999 -9999 -9999 -9999 -9999 -9999 -9999 -9999 -9999 -9999 -9999 -9999 -9999 -9999 -9999 -9999 -9999 -9999 -9999 -9999 -9999 -9999 -9999 -9999 -9999 -9999 -9999 -9999 -9999 -9999 -9999 -9999 -9999 -9999 -9999 -9999 -9999 -9999 -9999 -9999 -9999 -9999 -9999 -9999 -9999 -9999 -9999 -9999 -9999 -9999 -9999 -9999 -9999 3530 5120 5160 5620 5100
1890 1720 1440 1180 1050 860 1000 -9999 -9999 -9999 -9999 -9999 -9999 -9999 -9999 -9999 -9999 -9999 -9999 -9999 -9999 -9999 -9999 -9999 -9999 -9999 -9999 -9999 -9999 -9999 -9999 -9999 -9999 -9999 -9999 -9999 -9999 -9999 -9999 -9999 -9999 -9999 -9999 -9999 -9999 -9999 -9999 -9999 -9999 -9999 -9999 -9999 -9999 -9999 -9999 -9999 -9999 -9999 -9999 -9999 -9999 -9999 -9999 -9999 -9999 -9999 -9999 -9999 -9999 -9999 -9999 -9999 -9999 -9999 -9999 3890 4650 5760 5780 5260
1930 1930 1620 1210 710 880 770 570 620 660 970 -9999 -9999 -9999 -9999 -9999 -9999 -9999 -9999 -9999 -9999 -9999 -9999 -9999 -9999 -9999 -9999 -9999 -9999 -9999 -9999 -9999 -9999 -9999 -9999 -9999 -9999 -9999 -9999 -9999 -9999 -9999 -9999 -9999 -9999 -9999 -9999 -9999 -9999 -9999 -9999 -9999 -9999 -9999 -9999 -9999 -9999 -9999 -9999 -9999 -9999 -9999 -9999 -9999 -9999 -9999 -9999 -9999 -9999 -9999 -9999 -9999 -9999 -9999 2260 4170 5120 5940 5780 5310
1920 1930 1910 1500 1380 900 1080 860 760 640 530 930 -9999 -9999 -9999 -9999 -9999 -9999 -9999 -9999 -9999 -9999 -9999 -9999 -9999 -9999 -9999 -9999 -9999 -9999 -9999 -9999 -9999 -9999 -9999 -9999 -9999 -9999 -9999 -9999 -9999 -9999 -9999 -9999 -9999 -9999 -9999 -9999 -9999 -9999 -9999 -9999 -9999 -9999 -9999 -9999 -9999 -9999 -9999 -9999 -9999 -9999 -9999 -9999 -9999 -9999 -9999 -9999 -9999 -9999 -9999 -9999 -9999 -9999 2520 4560 5640 5840 5730 5380
1880 1850 1780 1890 1800 1480 1300 1200 1030 680 680 510 340 330 -9999 820 -9999 -9999 -9999 -9999 -9999 -9999 -9999 -9999 -9999 -9999 -9999 -9999 -9999 -9999 -9999 -9999 -9999 -9999 -9999 -9999 -9999 -9999 -9999 -9999 -9999 -9999 -9999 -9999 -9999 -9999 -9999 -9999 -9999 -9999 -9999 -9999 -9999 -9999 -9999 -9999 -9999 -9999 -9999 -9999 -9999 -9999 -9999 -9999 -9999 -9999 -9999 -9999 -9999 -9999 -9999 -9999 -9999 -9999 3430 5460 5710 5780 5550 5390
1830 1630 1470 1660 1670 1820 1580 1450 1270 1100 890 640 460 240 330 360 840 -9999 -9999 -9999 -9999 -9999 -9999 -9999 -9999 -9999 -9999 -9999 -9999 -9999 -9999 -9999 -9999 -9999 -9999 -9999 -9999 -9999 -9999 -9999 -9999 -9999 -9999 -9999 -9999 -9999 -9999 -9999 -9999 -9999 -9999 -9999 -9999 -9999 -9999 -9999 -9999 -9999 -9999 -9999 -9999 -9999 -9999 -9999 -9999 -9999 -9999 -9999 -9999 1790 3030 4110 2350 2280 3990 5500 5590 5630 5410 5310
1830 1530 1510 1380 1290 1380 1640 1590 1360 1270 1150 1000 700 530 370 390 350 860 -9999 -9999 -9999 -9999 -9999 -9999 -9999 -9999 -9999 -9999 -9999 -9999 -9999 -9999 -9999 -9999 -9999 -9999 -9999 -9999 -9999 -9999 -9999 -9999 -9999 -9999 -9999 -9999 -9999 -9999 -9999 -9999 -9999 -9999 -9999 -9999 -9999 -9999 -9999 -9999 -9999 -9999 -9999 -9999 -9999 -9999 -9999 -9999 -9999 -9999 -9999 1050 3310 5030 2970 2460 4010 5460 5660 5560 5340 5460
1740 1780 1630 1430 1460 950 1270 1220 1490 1450 1320 1200 1050 790 590 520 250 170 880 -9999 -9999 -9999 -9999 -9999 -9999 -9999 -9999 -9999 -9999 -9999 -9999 -9999 -9999 -9999 -9999 -9999 -9999 -9999 -9999 -9999 -9999 -9999 -9999 -9999 -9999 -9999 -9999 -9999 -9999 -9999 -9999 -9999 -9999 -9999 -9999 -9999 -9999 -9999 -9999 -9999 -9999 -9999 -9999 -9999 -9999 -9999 -9999 -9999 -9999 1760 3710 5600 4380 2980 4640 5530 5880 5800 5800 5580
1710 1870 1710 1460 1470 1200 1160 1240 1540 1570 1490 1380 1220 1040 940 640 480 180 910 -9999 -9999 -9999 -9999 -9999 -9999 -9999 -9999 -9999 -9999 -9999 -9999 -9999 -9999 -9999 -9999 -9999 -9999 -9999 -9999 -9999 -9999 -9999 -9999 -9999 -9999 -9999 -9999 -9999 -9999 -9999 -9999 -9999 -9999 -9999 -9999 -9999 -9999 -9999 -9999 -9999 -9999 -9999 -9999 -9999 -9999 -9999 -9999 -9999 -9999 1620 3920 6350 5620 3520 4070 5680 5760 5750 5650 5380
1660 1740 1700 1560 1320 1340 1340 1440 1650 1760 1690 1580 1420 1240 1010 950 650 340 170 890 -9999 -9999 -9999 -9999 -9999 -9999 -9999 -9999 -9999 -9999 -9999 -9999 -9999 -9999 -9999 -9999 -9999 -9999 -9999 -9999 -9999 -9999 -9999 -9999 -9999 -9999 -9999 -9999 -9999 -9999 -9999 -9999 -9999 -9999 -9999 -9999 -9999 -9999 -9999 740 1020 -9999 -9999 -9999 -9999 -9999 -9999 -9999 -9999 1640 3650 5890 5250 4690 4350 6040 6170 5650 5580 5390
1490 1590 1710 1670 1530 1600 1680 1790 1860 1960 1930 1680 1460 1360 1210 940 760 550 340 900 -9999 -9999 -9999 -9999 -9999 -9999 -9999 -9999 -9999 -9999 -9999 -9999 -9999 -9999 -9999 -9999 -9999 -9999 -9999 -9999 -9999 -9999 -9999 -9999 -9999 -9999 -9999 -9999 -9999 -9999 -9999 -9999 -9999 -9999 -9999 -9999 -9999 -9999 1490 1760 1650 1480 1470 1340 920 770 1170 -9999 -9999 1780 3960 5930 6400 5860 5220 6450 6660 6250 6050 5770
1350 1500 1610 1710 1530 1890 1890 1940 2030 2050 2070 1910 1630 1390 1130 620 610 380 220 910 -9999 -9999 -9999 -9999 -9999 -9999 -9999 -9999 -9999 -9999 300 350 430 380 860 -9999 360 720 -9999 -9999 -9999 -9999 -9999 -9999 -9999 -9999 -9999 -9999 -9999 -9999 -9999 -9999 -9999 -9999 -9999 -9999 -9999 -9999 2130 2360 2500 2450 2410 2180 1900 1850 1780 1920 2070 2670 6650 7480 8000 7380 7380 7030 7040 6650 6160 5610
1200 1360 1410 1610 1660 1740 1940 1970 2060 2070 2050 1930 1690 1620 1410 1020 720 410 980 -9999 -9999 -9999 -9999 -9999 -9999 -9999 -9999 -9999 -9999 320 270 380 470 400 430 340 370 400 420 470 680 710 470 -9999 -9999 -9999 -9999 -9999 -9999 -9999 -9999 -9999 -9999 -9999 -9999 -9999 710 1340 2240 2430 2470 2800 2860 2710 2730 2930 3240 2900 3490 3780 7140 9000 7940 7240 6210 4960 6260 6340 5910 5670
940 1080 1230 1310 1520 1610 1780 1880 2040 2090 2070 1980 1820 1700 1590 1420 1100 820 640 -9999 -9999 -9999 -9999 -9999 -9999 -9999 -9999 -9999 -9999 480 500 660 850 820 660 670 630 550 520 550 810 680 670 800 340 -9999 -9999 -9999 -9999 -9999 -9999 -9999 -9999 -9999 -9999 1120 1200 1730 2330 2970 3480 3810 3980 4260 4100 4080 4140 4950 5530 6110 7230 7880 8410 7670 5900 3100 5960 6260 6560 5990
930 990 1070 1210 1250 1300 1450 1550 1720 1930 2030 2080 2040 1840 1730 1570 1250 910 440 650 -9999 -9999 -9999 -9999 -9999 -9999 -9999 -9999 510 560 680 920 1060 1100 1050 990 1090 1070 1000 1200 1180 990 920 600 660 380 -9999 -9999 -9999 -9999 -9999 -9999 1180 -9999 1610 1700 1920 2670 3180 3710 4460 5290 6080 6210 6170 5890 5770 6880 8420 9370 8940 8840 8950 8540 5860 4100 5280 6930 6940 6370
880 940 990 1070 1120 1170 1200 1340 1530 1670 1920 2000 2060 2020 1960 1830 1760 1410 1070 610 580 -9999 -9999 -9999 -9999 -9999 -9999 -9999 560 820 1010 1150 1200 1230 1290 1320 1340 1350 1440 1560 1710 1700 1390 1260 940 790 -9999 -9999 -9999 -9999 -9999 1540 1800 1830 2800 2290 2950 3730 4520 4640 5590 6750 7640 8130 8450 7450 7390 8560 9370 9670 10030 9890 9190 8860 6880 4250 4360 6770 7250 6740
830 880 970 1000 1050 1080 1070 1160 1270 1400 1620 1860 1970 2070 2070 1990 1850 1680 1440 970 600 550 510 -9999 -9999 -9999 290 490 720 930 1290 1260 1260 1320 1400 1460 1500 1570 1750 1960 2080 2090 2070 2000 1480 1150 960 280 630 860 -9999 2120 2320 2800 3640 4370 4430 4620 6090 6200 7320 7510 9590 9750 9620 9370 9220 9150 9530 9860 9920 9620 9830 9480 7960 5100 5370 7200 7260 6650
830 860 900 970 980 1020 1020 1050 1120 1210 1360 1570 1770 2020 2070 2030 1870 1790 1560 1050 760 430 470 -9999 -9999 350 410 340 580 1120 1300 1320 1320 1330 1400 1470 1510 1550 1670 1870 2290 2470 2630 2560 2460 2250 1720 1710 1650 1140 1250 2780 3120 3100 3810 5990 6890 7240 8260 9400 10270 9520 10050 9690 9480 9220 9010 8940 9290 10040 9790 9570 9530 9460 8950 6370 6860 7490 6950 6380
790 850 880 900 910 960 960 1000 1030 1090 1200 1340 1550 1740 1950 2040 2020 1900 1750 1370 1000 740 630 -9999 -9999 400 410 800 1070 1230 1380 1420 1440 1460 1500 1550 1570 1660 1830 2140 2430 2680 2950 3280 3500 3450 3330 3080 2400 2560 2460 4000 3970 3450 5720 7680 9070 8950 10120 10540 10650 10340 10180 10060 9880 9430 9190 9240 9550 10110 10300 10220 9510 9010 9290 7470 7250 6980 6480 5970
840 840 840 880 910 920 950 940 970 1020 1060 1140 1350 1510 1750 1900 2000 1900 1750 1550 980 730 640 640 -9999 590 680 920 1120 1400 1440 1500 1560 1500 1590 1670 1790 1910 2140 2600 3050 3480 3880 4150 4520 4560 4180 3850 3360 3150 3840 5530 5690 5870 6220 7420 9920 10610 10650 10580 10800 10240 10060 9670 9350 9160 9580 9580 9840 9940 11200 10430 9670 8770 8340 7930 7040 6480 5810 5470
860 850 870 880 920 970 950 970 960 980 1040 1080 1180 1330 1500 1690 1850 1880 1740 1460 1260 830 670 670 -9999 640 700 930 1270 1480 1520 1560 1610 1730 1950 2090 2240 2580 2960 3290 3630 3820 4220 4640 5010 5480 5840 6330 6470 5890 5270 7330 7180 8200 8900 9420 10500 10670 11030 10920 10880 10610 9610 8330 8210 7500 7060 7230 7320 9660 9680 10120 9080 8380 7540 6990 6230 5670 5070 4570
910 900 910 910 930 970 970 990 960 1000 1020 1040 1120 1190 1320 1500 1670 1820 1800 1570 1270 880 650 670 460 -9999 590 860 1320 1620 1800 1920 2140 2420 2680 2740 2840 3140 3460 3750 3980 4370 4800 5190 5410 5800 6290 6730 7100 7010 7350 8620 8460 9090 9320 9580 10250 10600 10910 10950 10690 8940 7290 6630 6280 5890 5120 5370 4810 5560 6550 8830 9500 8680 8060 7180 6650 6000 5430 4810
960 960 960 950 970 1000 1030 1030 1040 1060 1030 1040 1100 1130 1210 1340 1490 1720 1770 1700 1520 1010 780 820 500 360 530 870 1370 1830 2040 2340 2500 2800 3160 3490 3460 3690 3870 3960 4130 4560 4890 5220 5350 5750 6530 6950 7220 7870 8260 8000 8470 9030 9240 9890 10330 10630 10430 10970 10030 7230 5420 4570 4200 4310 3200 2600 2360 2380 4270 6070 8060 8240 7890 7130 6310 5710 5200 4230
1020 1020 1010 1000 1020 1040 1040 1060 1050 1060 1070 1090 1120 1160 1180 1260 1390 1530 1670 1700 1590 1450 1220 730 590 240 60 1070 1590 2080 2440 2680 2960 3240 3400 3550 3650 3840 4030 4280 4450 4640 4930 5220 5400 5840 6570 6950 7110 7450 7750 7740 8260 9000 9250 9710 10270 9520 10070 10670 9210 5590 4360 4150 3950 3130 2530 1980 1590 1340 1920 3800 6180 6690 6500 6020 5310 4680 4070 3420
1040 1060 1060 1070 1090 1100 1100 1140 1110 1120 1120 1140 1170 1190 1220 1300 1390 1470 1560 1670 1680 1620 1220 1200 870 640 870 1340 1890 2420 2730 2980 3290 3490 3580 3640 3720 3840 4100 4380 4480 4610 4930 5270 5590 5900 6350 6720 7070 7320 7630 7680 8250 8510 9050 9120 8530 8470 9280 9600 7160 5120 4240 3710 3060 2460 2000 1470 1110 800 890 1430 3770 4780 4810 4470 4160 3400 2690 2900
1080 1100 1070 1120 1140 1150 1180 1200 1220 1200 1230 1190 1200 1260 1320 1360 1440 1540 1630 1700 1780 1780 1700 1450 1470 1320 1340 1510 1870 2420 2990 3370 3550 3600 3610 3650 3760 3920 4090 4360 4510 4650 4890 5310 5600 5890 6260 6640 6870 6840 7330 7770 8150 8350 8450 8420 7920 7900 8460 8610 6370 4760 3970 3500 2970 2350 1750 1180 870 520 610 540 1690 3170 3430 3710 3560 3260 2670 2210
1130 1150 1160 1210 1190 1220 1260 1280 1290 1320 1310 1330 1330 1370 1430 1550 1670 1860 1860 2380 2310 2140 1880 1810 1650 1610 1690 1870 2230 2840 3620 3820 3760 3670 3650 3670 3780 3840 4020 4340 4550 4570 4860 5260 5580 5940 6130 6530 6800 6800 7300 7620 7660 7670 7650 7400 7230 7320 7580 7640 6120 4970 4110 3520 2940 2470 1830 1240 790 460 290 720 1050 1770 2010 2050 2710 2770 2390 2390
1200 1210 1260 1280 1280 1310 1340 1360 1420 1490 1460 1470 1480 1560 1700 1900 2390 2350 2410 2530 2520 2370 2110 1980 1860 1960 2160 2290 2490 2970 3670 3990 3960 3800 3730 3660 3730 3860 4050 4350 4560 4690 5050 5310 5470 5820 6190 6480 6660 6920 7140 7010 7010 6830 6750 6790 7250 6770 6900 7040 6600 5320 4300 3670 2970 2360 1740 1210 710 500 -9999 490 420 510 480 1190 1270 1270 1460 1420
1290 1330 1350 1380 1400 1410 1450 1470 1480 1570 1610 1660 1720 1810 1930 2030 2130 2140 2460 2670 2660 2570 2350 2250 2210 2400 2540 3050 3230 4020 4230 4420 4340 3940 3610 3530 3630 3800 3980 4260 4550 4760 4880 5060 5270 5630 6020 6370 6530 6700 6480 6390 6280 6010 5590 6080 6460 6880 6760 6670 6400 5230 4400 3550 3030 2290 1790 1120 620 530 -9999 -9999 -9999 -9999 140 120 290 580 660 690
1360 1420 1430 1480 1490 1510 1540 1560 1620 1690 1720 1820 1860 1990 2130 2230 2370 2500 2650 2750 2870 2720 2540 2500 2500 2750 3170 3700 3960 4440 4800 5400 5060 4430 3520 3490 3520 3720 3930 4260 4410 4740 4930 4980 5160 5510 5930 6250 6240 6310 5840 5690 5440 5100 5150 5340 5960 6340 6410 6660 6400 4880 4010 3440 2860 2380 1740 1060 620 470 -9999 -9999 -9999 -9999 -9999 -9999 -9999 100 320 410
