resources/bathymetry/FullBay100/msl1k.asc
ncols         789
nrows         882
xllcorner     531320.83645285
yllcorner     4142047.4765937
cellsize      100
[rows 770 to 804 of 882, columns 400 to 479 of 789]
-62 -62 -62 108 108 108 118 118 118 118 128 139 129 129 129 139 139 169 169 169 169 169 179 169 169 169 178 188 208 238 258 278 268 268 258 248 238 228 208 558 938 1158 1258 1388 1398 1338 1328 1368 1348 1328 1178 988 788 538 308 227 217 217 197 187 187 187 166 156 156 145 145 145 134 134 114 124 134 123 123 123 -9999 -9999 -9999 -9999
-62 -62 -62 -62 98 108 108 108 118 128 -9999 -9999 139 139 109 139 139 159 169 169 169 169 169 169 169 169 169 179 189 208 218 228 248 248 228 238 238 218 218 208 278 868 1038 1218 1308 1348 1328 1298 1348 1378 1338 1268 1058 898 698 438 237 227 207 187 197 197 167 156 156 136 135 135 135 134 134 124 114 114 113 113 -9999 -9999 -9999 -9999
-62 -62 -62 -62 -62 98 108 108 118 118 -9999 -61 -61 129 109 139 139 149 159 159 169 169 169 159 159 159 169 169 169 189 199 198 218 218 218 238 228 218 208 198 188 208 388 738 1008 1218 1308 1308 1228 1298 1388 1408 1318 1168 988 748 508 287 227 197 197 187 167 157 156 156 146 135 135 135 124 114 114 114 104 103 -9999 -9999 -9999 -9999
-62 -62 -62 -62 -62 -62 98 108 108 108 -9999 -61 -61 119 129 139 139 149 149 159 159 169 159 159 149 159 159 169 169 179 179 179 188 188 218 218 218 208 208 198 188 158 178 178 418 808 1188 1308 1268 1198 1248 1388 1418 1328 1198 1008 858 608 317 227 197 187 177 167 167 156 146 136 135 135 125 124 114 104 104 104 -9999 -9999 -9999 -9999
-62 -62 -62 -62 -62 -62 -62 98 88 98 -9999 -61 -61 119 129 139 139 139 139 149 149 149 159 159 149 149 159 159 159 159 169 169 178 178 198 208 208 218 208 198 198 188 148 168 158 218 768 1048 1198 1138 1088 1288 1438 1458 1358 1218 1068 888 648 317 207 187 187 177 167 157 156 156 136 135 135 125 114 94 94 104 -9999 -9999 -9999 -9999
-62 -62 -62 -62 -62 -62 -62 98 -62 -62 -9999 -61 -61 109 119 129 139 139 139 139 139 149 149 149 149 149 159 159 169 159 159 169 158 178 178 188 188 188 198 188 188 178 168 138 148 158 178 478 948 1078 1038 1018 1188 1438 1448 1338 1208 1078 928 678 357 237 197 187 167 167 157 146 146 136 135 125 124 124 114 94 -9999 -9999 -9999 -9999
-62 -62 -62 -62 -62 -62 -62 -62 98 -61 -61 -61 -61 -61 119 129 129 139 139 139 139 139 149 149 149 149 159 149 159 159 159 169 169 168 168 178 178 178 188 178 178 178 178 148 128 148 158 148 258 658 898 918 978 1238 1428 1428 1308 1218 1098 968 718 407 197 177 167 167 157 147 136 136 135 135 125 104 84 84 -9999 -9999 -9999 -9999
138 118 108 118 118 138 -62 -62 -62 -61 -61 -61 -61 -61 109 119 129 139 139 139 139 139 149 149 149 149 149 159 159 159 159 149 169 169 168 168 178 178 178 178 178 178 168 158 148 148 148 148 158 158 568 848 858 948 1338 1418 1408 1318 1218 1148 978 728 327 217 187 167 157 157 136 136 136 125 125 115 115 74 74 -9999 -9999 -9999
318 288 268 308 268 178 -9999 -62 -62 -61 -61 -61 -61 -61 99 119 129 129 139 139 139 139 139 139 139 149 149 149 149 149 149 149 159 169 169 158 168 168 168 168 168 168 158 148 148 148 148 148 148 158 228 528 778 908 1158 1368 1418 1428 1298 1188 1148 988 668 287 187 167 157 157 157 136 136 126 125 125 115 95 84 -9999 -9999 -9999
-9999 -9999 -9999 138 118 308 188 -62 -62 -61 -61 -61 -61 -61 109 119 119 129 129 139 139 139 139 139 139 139 139 149 149 139 139 149 149 159 159 159 159 158 158 158 158 158 148 148 148 148 148 148 148 148 148 178 298 738 918 1188 1398 1448 1448 1308 1198 1148 1018 738 237 167 157 157 157 157 146 136 136 116 95 85 85 -9999 -9999 -9999
-9999 -9999 -9999 -9999 -9999 -9999 448 -9999 -62 -61 -61 -61 -61 -61 -61 109 119 119 129 129 129 139 139 139 139 139 139 139 139 139 139 149 149 149 149 159 159 159 159 158 158 148 148 148 138 138 148 138 138 138 138 138 158 208 428 938 1178 1418 1468 1448 1348 1258 1158 1018 488 187 157 157 157 157 147 136 126 126 116 95 85 -9999 -9999 -9999
-9999 -9999 -9999 -9999 -9999 -9999 -9999 -9999 -62 -61 -61 -61 -61 -61 -61 109 109 119 119 129 129 129 129 139 139 139 139 139 139 139 139 139 139 149 149 149 149 149 149 149 139 139 139 139 139 139 138 138 138 138 138 138 138 158 178 358 778 1208 1408 1478 1458 1358 1238 1128 1128 928 387 167 157 157 147 137 136 126 116 106 -9999 -9999 -9999 -9999
-9999 -9999 -9999 -9999 -9999 -9999 388 -9999 -62 -61 -61 -61 -61 -61 -61 -61 109 109 119 119 119 129 129 129 139 139 139 139 139 139 139 139 139 139 139 149 139 149 139 139 139 139 139 139 139 139 129 129 139 138 138 138 138 148 148 158 188 658 1208 1428 1468 1448 1448 1318 1228 1178 878 277 167 157 147 137 137 126 116 106 -9999 -9999 -9999 -9999
-9999 -9999 -9999 -9999 -9999 158 248 -9999 -62 -61 -61 -61 -61 -61 -61 -61 -61 109 119 119 119 119 129 129 129 129 139 129 129 139 139 139 139 139 139 139 139 139 139 139 139 139 139 139 129 119 109 109 119 119 139 138 138 138 138 148 148 188 678 678 1278 1448 1498 1408 1328 1238 1138 858 217 167 147 137 127 127 117 106 -9999 -9999 -9999 -9999
-9999 148 148 178 208 238 128 -9999 -62 -61 -61 -61 -61 -61 -61 -61 -61 -61 109 110 120 119 119 119 119 139 129 129 129 129 139 139 139 139 139 139 139 139 139 139 129 129 129 129 129 129 119 119 109 139 129 129 139 138 138 138 138 138 138 178 778 1318 1478 1468 1428 1358 1278 1098 668 207 147 137 127 127 117 97 -9999 -9999 -9999 -9999
158 138 148 208 148 118 -9999 -62 -62 -61 -61 -61 -61 -61 -61 -61 -61 -61 110 100 110 110 120 120 109 119 119 119 129 129 129 129 139 129 139 139 139 139 139 129 119 119 119 119 119 119 109 119 119 129 139 139 139 139 138 128 138 138 138 138 178 858 1398 1478 1488 1408 1358 1238 1018 458 177 137 137 87 107 77 77 -9999 -9999 -9999
-9999 78 198 128 -9999 -9999 -62 -62 -62 -61 -61 139 139 139 -61 -61 -61 -61 -60 -60 100 100 110 110 110 110 119 119 119 129 129 129 129 129 129 139 139 139 129 129 119 119 109 109 119 119 119 119 119 -9999 -9999 -9999 -9999 -9999 129 129 138 138 138 138 138 348 1098 1428 1478 1508 1418 1378 1308 988 398 157 127 107 87 77 67 -9999 -9999 -9999
-9999 -9999 148 -9999 -9999 -62 -62 -62 -62 -61 -61 -61 139 149 139 119 -61 -61 -60 -60 -60 -9999 100 100 100 110 110 109 119 119 119 119 129 129 129 129 129 119 119 119 109 109 109 109 109 109 109 -9999 -9999 -9999 -9999 -9999 -9999 -9999 -9999 -9999 119 138 138 138 138 138 248 1208 1448 1508 1488 1428 1408 1288 888 188 127 87 87 67 67 -9999 -9999 -9999
-9999 -9999 148 108 -9999 -62 -62 -62 238 269 139 139 169 -9999 139 119 109 -61 -60 -60 -60 -60 -60 -60 100 100 110 110 110 109 119 119 119 119 119 129 119 119 119 109 109 99 109 99 119 -9999 -9999 -9999 -9999 -9999 -9999 -9999 -9999 -9999 -9999 -9999 -9999 119 138 138 138 138 168 478 1268 1428 1488 1468 1248 1508 1178 688 138 107 97 87 67 -9999 -9999 -9999
-9999 -9999 -9999 108 178 -62 -62 178 168 69 89 79 89 89 129 139 -9999 139 140 -60 -60 -60 -60 -60 -60 -9999 100 110 110 110 109 109 119 119 119 119 119 119 119 109 99 99 89 -9999 -9999 -9999 -9999 -9999 -9999 -9999 -9999 -9999 -9999 -9999 -9999 -9999 -9999 -9999 139 139 128 138 138 178 888 1258 1418 1448 1538 1458 1408 1088 328 108 97 67 67 -9999 -9999 -9999
-9999 -9999 -9999 208 -9999 -62 -62 238 79 79 -9999 -9999 -9999 -9999 59 99 119 -9999 160 -9999 -60 -60 -60 -60 -60 -60 100 100 100 100 110 110 109 109 109 109 109 109 109 99 89 99 99 -9999 -9999 -9999 -9999 -9999 -9999 -9999 -9999 -9999 -9999 -9999 -9999 -9999 -9999 -9999 -9999 129 129 138 138 138 168 978 1338 1468 1478 1508 1588 1548 1018 238 88 77 57 77 -9999 -9999
-9999 -9999 -9999 -9999 228 138 178 158 79 -9999 -9999 -9999 -9999 -9999 -9999 -9999 129 230 260 -9999 -60 -60 -60 -60 -60 -60 100 100 90 100 100 100 100 109 99 99 99 99 109 99 99 79 79 -9999 -9999 -9999 -9999 -9999 -9999 -9999 -9999 -9999 -9999 -9999 -9999 -9999 -9999 -9999 -9999 119 129 129 128 138 138 348 1068 1308 1478 1538 1568 1638 1478 828 138 88 78 77 -9999 -9999
-9999 -9999 -9999 -9999 -9999 -9999 -9999 -9999 -9999 -9999 -9999 -9999 -9999 -9999 -9999 -9999 99 -9999 -9999 -60 -60 -60 -60 -60 -60 -60 100 100 100 100 100 90 100 100 100 99 99 99 -9999 -9999 -9999 -9999 -9999 -9999 -9999 -9999 -9999 -9999 -9999 -9999 -9999 -9999 -9999 -9999 -9999 -9999 -9999 -9999 -9999 -9999 99 119 129 139 138 128 638 1078 1318 1488 1538 1608 1598 1408 748 148 88 88 128 -9999
-9999 -9999 -9999 -9999 -9999 -9999 -9999 -9999 -9999 -9999 -9999 -9999 -9999 -9999 -9999 -9999 -9999 -9999 -60 -60 -60 -60 -60 -60 -60 -60 100 100 100 100 100 100 90 90 100 100 -9999 -9999 -9999 -9999 -9999 -9999 -9999 -9999 -9999 -9999 -9999 -9999 -9999 -9999 -9999 -9999 -9999 -9999 -9999 -9999 -9999 -9999 -9999 -9999 99 119 139 139 129 129 118 658 1078 1288 1518 1548 1608 1588 1468 828 138 108 128 -9999
-9999 -9999 -9999 -9999 -9999 -9999 -9999 -9999 -9999 -9999 -9999 -9999 -9999 -9999 -9999 -9999 -9999 -9999 -60 -60 -60 -60 -60 -60 -60 -60 100 100 100 100 100 100 90 90 90 90 -9999 -9999 -9999 -9999 -9999 -9999 -9999 -9999 -9999 -9999 -9999 -9999 -9999 -9999 -9999 -9999 -9999 -9999 -9999 -9999 -9999 -9999 -9999 -9999 -9999 99 119 119 129 129 139 178 748 1018 1338 1538 1538 1558 1628 1458 858 108 138 208
-9999 -9999 -9999 -9999 -9999 -9999 -9999 -9999 -9999 -9999 -9999 -9999 -9999 -9999 -9999 -9999 29 -9999 -60 -60 -60 -60 -60 -60 -60 -60 100 100 100 100 100 90 100 90 90 90 90 -9999 -9999 -9999 -9999 -9999 -9999 -9999 -9999 -9999 -9999 -9999 -9999 -9999 -9999 -9999 -9999 -9999 -9999 -9999 -9999 -9999 -9999 -9999 -9999 89 109 129 129 129 129 139 229 668 1028 1308 1518 1518 1558 1618 1448 838 198 538
-9999 -9999 -9999 -9999 -9999 -9999 -9999 -9999 -9999 -9999 -9999 -9999 -9999 -9999 -9999 -9999 59 -9999 -60 -60 -60 -60 -60 -60 -60 -60 100 -9999 -9999 -9999 100 90 90 90 -9999 -9999 -9999 90 -9999 -9999 -9999 -9999 -9999 -9999 -9999 -9999 -9999 -9999 -9999 -9999 -9999 -9999 -9999 -9999 -9999 -9999 -9999 -9999 -9999 -9999 -9999 99 99 119 129 129 129 129 159 269 559 1028 1338 1528 1528 1558 1498 1568 1088 538
-9999 -9999 -9999 -9999 -9999 -9999 -9999 -9999 -9999 -9999 -9999 -9999 -9999 -9999 -9999 -9999 -9999 70 70 -60 -60 -60 -60 -60 -60 100 100 -9999 -9999 -9999 -9999 -9999 -9999 -9999 -9999 -9999 -9999 -9999 90 -9999 -9999 -9999 -9999 -9999 -9999 -9999 -9999 -9999 -9999 -9999 -9999 -9999 -9999 -9999 -9999 -9999 -9999 -9999 -9999 -9999 -9999 99 109 119 129 129 129 139 139 169 349 539 969 1308 1498 1478 1448 1638 1518 1288
-9999 -9999 -9999 -9999 -9999 -9999 -9999 -9999 -9999 -9999 -9999 -9999 -9999 -9999 -9999 -9999 -9999 -9999 -9999 90 -60 -60 -60 -60 -60 60 -9999 -9999 -9999 -9999 -9999 -9999 -9999 -9999 -9999 -9999 -9999 -9999 90 -9999 -9999 -9999 -9999 -9999 -9999 -9999 -9999 -9999 -9999 -9999 -9999 -9999 -9999 -9999 -9999 -9999 -9999 -9999 -9999 -9999 -9999 -9999 99 99 129 139 139 139 139 139 219 369 479 869 1319 1708 1608 1628 1618 1578
-9999 -9999 -9999 -9999 -9999 -9999 -9999 -9999 -9999 -9999 -9999 -9999 -9999 -9999 -9999 -9999 -9999 -9999 -9999 -9999 -9999 -9999 120 120 110 -9999 -9999 -9999 -9999 -9999 -9999 -9999 -9999 -9999 -9999 -9999 -9999 -9999 90 -9999 -9999 -9999 -9999 -9999 -9999 -9999 -9999 -9999 -9999 -9999 -9999 -9999 -9999 -9999 -9999 -9999 -9999 -9999 -9999 -9999 -9999 -9999 99 99 119 129 139 139 139 139 169 249 349 669 899 1319 1719 1559 1488 1568
-9999 -9999 -9999 -9999 -9999 -9999 -9999 -9999 -9999 -9999 -9999 -9999 -9999 -9999 -9999 -9999 -9999 -9999 -9999 -9999 -9999 -9999 -9999 -9999 -9999 -9999 -9999 -9999 -9999 -9999 -9999 -9999 -9999 -9999 -9999 -9999 -9999 -9999 90 -9999 -9999 -9999 -9999 -9999 -9999 -9999 -9999 -9999 -9999 -9999 -9999 -9999 -9999 -9999 -9999 -9999 -9999 -9999 -9999 -9999 -9999 -9999 89 89 129 129 129 129 139 139 159 209 319 199 659 739 949 1609 1409 1399
-9999 -9999 -9999 -9999 -9999 -9999 -9999 -9999 -9999 -9999 -9999 -9999 -9999 -9999 -9999 -9999 -9999 -9999 -9999 -9999 -9999 -9999 -9999 -9999 -9999 -9999 -9999 -9999 -9999 -9999 -9999 -9999 -9999 -9999 -9999 -9999 -9999 -9999 90 -9999 -9999 -9999 -9999 -9999 -9999 -9999 -9999 -9999 -9999 -9999 -9999 -9999 -9999 -9999 -9999 -9999 -9999 -9999 -9999 -9999 -9999 -9999 99 89 99 129 129 139 129 99 159 199 299 219 319 499 609 639 1329 1259
-9999 -9999 -9999 -9999 -9999 -9999 -9999 -9999 -9999 -9999 -9999 -9999 -9999 -9999 -9999 -9999 -9999 -9999 -9999 -9999 -9999 -9999 -9999 -9999 -9999 -9999 -9999 -9999 -9999 -9999 -9999 -9999 -9999 -9999 -9999 -9999 -9999 -9999 90 -9999 -9999 -9999 -9999 -9999 -9999 -9999 -9999 -9999 -9999 -9999 -9999 -9999 -9999 -9999 -9999 -9999 -9999 -9999 -9999 -9999 -9999 -9999 100 110 120 119 119 129 129 109 139 229 279 199 209 309 409 449 509 649
-9999 -9999 -9999 -9999 -9999 -9999 -9999 -9999 -9999 -9999 -9999 -9999 -9999 -9999 -9999 -9999 -9999 -9999 -9999 -9999 -9999 -9999 -9999 -9999 -9999 -9999 -9999 -9999 -9999 -9999 -9999 -9999 -9999 -9999 -9999 -9999 -9999 -9999 90 -9999 -9999 -9999 -9999 -9999 -9999 -9999 -9999 -9999 -9999 -9999 -9999 -9999 -9999 -9999 -9999 -9999 -9999 -9999 -9999 -9999 -9999 -9999 100 100 100 110 120 119 119 129 159 249 219 189 189 229 299 349 359 429
-9999 -9999 -9999 -9999 -9999 -9999 -9999 -9999 -9999 -9999 -9999 -9999 -9999 -9999 -9999 -9999 -9999 -9999 -9999 -9999 -9999 -9999 -9999 -9999 -9999 -9999 -9999 -9999 -9999 -9999 -9999 -9999 -9999 -9999 -9999 -9999 -9999 -9999 -9999 90 80 80 80 70 -9999 -9999 80 80 -9999 -9999 -9999 -9999 -9999 -9999 -9999 -9999 -9999 -9999 -9999 -9999 -9999 -9999 90 90 90 90 100 120 130 139 159 329 219 169 169 209 249 299 299 309
