resources/bathymetry/FullBay100/msl1k.asc
ncols         789
nrows         882
xllcorner     531320.83645285
yllcorner     4142047.4765937
cellsize      100
[rows 630 to 664 of 882, columns 320 to 399 of 789]
662 652 632 652 642 652 642 632 602 592 572 572 552 542 532 542 542 522 522 573 553 523 513 493 483 473 473 453 443 433 423 413 413 403 403 393 393 383 383 383 383 363 354 364 354 354 344 324 324 314 314 304 304 314 304 304 304 304 314 304 294 274 264 244 234 254 244 234 244 244 234 234 234 254 244 234 234 204 214 234
652 632 632 632 642 652 642 622 602 582 572 572 562 552 562 532 532 523 533 553 533 513 503 493 493 483 473 453 443 433 423 423 413 413 403 393 383 383 383 373 383 364 354 364 354 344 344 334 314 304 324 324 304 304 314 314 314 314 304 294 295 275 265 255 275 255 245 245 245 235 224 234 224 244 234 254 234 224 234 234
632 622 612 612 632 662 632 632 602 582 562 552 552 543 523 523 523 523 533 533 513 503 493 493 483 463 463 453 453 443 433 433 423 403 403 393 383 383 373 374 384 364 364 354 354 334 334 324 324 324 344 334 314 304 304 314 314 315 315 305 295 285 275 265 265 245 245 245 235 235 225 225 235 244 244 244 244 234 244 234
622 612 592 602 612 622 622 632 612 572 563 543 553 543 533 513 513 533 533 513 513 503 483 473 463 463 463 453 453 453 443 433 423 423 413 393 383 383 374 374 374 364 354 354 344 334 324 324 324 334 344 334 314 304 314 315 315 325 315 315 295 275 275 265 255 245 245 255 245 225 235 255 245 245 245 244 244 244 234 234
602 602 592 582 602 612 623 623 613 593 563 553 543 533 523 503 503 513 513 503 503 483 473 463 453 453 453 463 453 443 443 433 423 413 403 403 403 384 364 374 364 364 354 344 334 334 334 334 324 334 344 334 314 315 305 315 335 335 315 305 295 275 255 255 235 245 255 245 255 245 255 255 245 235 235 235 225 224 244 234
582 592 573 563 593 603 613 613 623 593 553 543 543 533 523 513 513 513 503 493 483 453 443 443 443 443 453 453 453 443 433 423 423 413 403 394 394 374 384 384 374 364 354 344 344 344 334 344 354 354 334 335 325 315 315 325 335 325 315 305 285 275 255 245 235 265 255 245 275 265 255 245 235 235 235 225 205 215 245 234
563 583 543 533 553 593 583 593 623 663 563 543 553 533 513 513 503 493 483 463 453 443 433 433 443 453 453 443 443 443 433 413 413 413 404 404 394 394 384 374 374 374 364 354 354 354 364 364 354 355 345 335 315 325 315 325 315 305 315 295 295 275 265 245 245 265 255 255 285 275 265 255 225 235 225 205 205 215 235 235
513 573 523 503 503 563 593 573 563 703 653 533 523 513 513 483 483 463 443 443 443 423 423 433 453 453 443 443 433 433 423 413 414 404 404 404 394 394 384 384 384 374 374 374 364 364 374 365 355 355 355 345 345 325 315 305 305 295 295 285 275 275 265 255 245 255 245 245 285 285 265 245 225 235 235 225 225 235 235 235
493 553 513 483 483 513 593 583 563 623 713 643 503 493 463 453 463 443 433 433 433 423 443 443 453 453 443 443 433 433 423 414 404 404 404 404 394 394 384 384 374 384 384 374 384 384 375 355 365 355 345 345 335 325 305 295 285 305 295 295 285 275 265 265 275 265 265 255 265 285 265 245 245 265 255 245 235 235 225 235
413 533 523 483 473 493 533 653 613 583 633 693 663 643 573 453 433 433 433 423 443 463 473 463 453 443 443 433 433 424 424 414 404 404 404 404 404 394 394 384 384 384 384 384 375 375 375 365 365 355 325 345 345 325 295 275 295 305 295 295 295 285 275 265 265 275 285 265 285 265 265 255 275 275 255 245 245 235 235 235
243 493 483 463 483 473 473 643 663 673 553 643 653 613 613 573 443 433 443 463 463 463 413 463 453 443 433 434 434 434 424 414 414 404 404 404 394 394 384 384 384 394 394 385 385 375 365 375 365 365 345 335 345 315 295 285 285 285 285 305 295 275 275 275 295 285 265 246 306 285 255 255 275 265 255 255 245 245 235 225
233 443 453 453 453 453 503 643 623 613 643 613 603 623 603 603 583 493 443 473 463 453 453 453 443 443 434 444 434 434 434 424 424 414 404 404 394 394 384 384 384 385 385 375 375 365 365 365 365 355 345 335 325 315 305 285 275 295 315 305 305 285 305 295 305 276 276 286 296 286 276 266 276 275 275 265 245 235 235 225
263 383 433 423 443 463 463 583 603 603 593 603 693 663 583 623 633 603 523 473 453 453 453 443 454 444 444 444 434 434 424 434 424 414 414 394 394 394 394 384 385 385 375 385 375 365 355 355 365 355 345 325 335 325 305 295 295 305 325 325 325 315 315 296 296 296 286 286 276 286 276 276 276 276 266 255 245 245 235 225
313 363 413 413 423 453 463 463 493 573 593 583 593 633 683 473 633 623 623 503 453 454 454 464 454 454 444 444 434 444 434 434 434 414 414 404 404 404 395 395 385 375 385 375 375 365 355 355 355 355 345 335 335 335 315 305 325 325 335 336 326 316 306 296 306 306 296 286 276 296 286 286 276 266 266 256 256 256 245 225
353 393 393 403 423 423 453 463 453 483 563 593 593 603 633 673 553 623 623 614 624 454 474 454 444 444 444 444 444 434 434 434 424 414 414 424 404 405 395 395 385 395 385 365 375 365 355 355 355 345 345 345 345 345 335 325 335 326 336 326 316 306 306 276 306 306 296 286 286 286 276 276 276 276 266 266 256 246 256 236
423 533 863 713 403 433 483 463 463 453 453 493 593 593 593 603 634 634 624 614 624 634 514 444 454 444 444 444 434 424 424 424 424 414 414 404 405 395 395 405 395 385 385 375 375 365 365 345 355 365 365 365 365 355 336 336 336 326 316 306 306 306 306 296 306 306 296 276 286 276 266 286 276 276 266 246 246 256 256 236
723 703 743 733 833 883 903 553 493 453 433 453 454 534 584 584 624 634 624 624 614 624 624 534 434 434 434 424 424 424 424 424 424 414 415 415 405 415 395 395 395 385 385 385 375 375 365 355 355 355 366 366 366 356 336 336 336 326 316 306 296 316 306 306 296 306 286 286 276 276 286 286 266 266 266 266 256 256 246 236
653 673 703 663 703 723 793 803 814 454 444 444 444 464 584 604 604 594 624 634 624 624 614 614 444 434 424 434 424 414 414 424 414 415 415 405 405 405 405 405 395 395 375 375 365 365 365 365 366 366 366 376 366 346 346 336 336 326 316 306 316 306 296 276 276 286 277 277 277 297 286 286 276 256 286 266 266 246 226 246
634 634 644 644 674 714 724 754 794 804 424 424 434 434 454 564 624 634 624 644 644 654 624 594 604 514 424 404 424 414 414 425 415 405 415 415 415 415 405 395 395 385 375 375 375 385 366 366 366 366 366 356 356 356 346 336 326 316 316 326 316 306 286 276 297 277 267 307 287 297 297 287 277 276 266 276 256 256 236 256
634 634 634 604 614 684 684 684 724 794 784 694 394 404 414 444 534 644 634 654 654 644 594 634 604 594 564 454 424 414 415 415 415 405 405 405 405 405 405 395 395 385 385 385 376 366 366 366 356 356 356 356 366 356 346 336 326 326 326 326 306 286 277 277 307 287 287 287 287 297 297 277 277 277 267 256 266 256 246 246
654 634 614 644 654 674 674 694 674 704 734 774 514 384 404 414 424 444 654 654 664 654 664 654 644 624 624 644 435 405 405 395 395 405 405 405 405 405 405 385 395 375 375 376 356 356 366 366 366 356 366 366 356 346 346 336 326 336 336 337 327 307 277 277 297 287 287 287 297 287 287 277 267 277 277 267 257 246 236 246
664 664 634 644 654 644 664 654 664 674 694 734 734 414 394 404 404 414 424 574 684 664 674 684 654 664 624 615 625 465 385 385 395 405 395 395 405 405 395 395 385 376 376 376 366 356 356 366 366 356 356 356 346 346 346 336 336 337 337 337 327 327 297 297 297 277 287 277 297 297 277 277 277 297 277 267 257 267 277 256
674 664 654 634 644 664 654 664 654 654 674 704 744 624 424 414 394 394 384 384 534 684 644 744 724 735 595 575 605 595 495 385 385 385 375 385 405 395 395 395 386 376 376 366 356 356 356 356 356 356 356 356 356 356 347 327 327 327 347 337 337 327 307 297 277 267 257 297 297 297 297 297 287 287 287 277 277 277 277 267
724 674 684 654 644 644 634 664 654 644 644 674 704 674 464 414 384 364 374 344 364 654 794 635 655 695 625 595 585 575 585 545 445 385 365 355 385 385 386 396 386 386 386 376 356 366 356 356 356 356 356 347 357 347 347 347 337 337 337 337 337 327 307 297 287 277 278 298 298 287 287 277 287 287 287 277 277 267 267 267
814 704 684 674 654 634 624 614 644 624 624 584 574 484 414 394 364 364 354 334 344 345 535 715 595 595 585 585 575 575 565 585 505 365 365 355 375 376 386 376 386 386 386 376 356 356 356 366 356 357 347 357 357 357 337 337 327 327 337 337 327 317 317 317 308 288 288 288 298 288 288 288 287 287 277 257 277 267 267 257
824 724 694 694 684 634 604 584 564 544 454 424 404 404 384 384 364 354 345 335 325 325 325 355 545 565 575 575 555 575 575 575 555 575 475 356 376 376 376 386 386 376 376 366 366 346 346 357 357 357 347 347 347 337 337 327 337 337 337 337 337 327 328 328 298 308 288 278 288 288 278 288 288 278 288 277 277 277 257 257
824 794 724 704 744 634 514 444 414 414 414 404 404 394 384 354 355 335 325 325 315 305 305 345 505 575 585 575 575 565 555 535 545 565 566 556 446 366 366 386 376 366 366 366 356 346 347 357 347 357 347 347 347 347 327 337 337 337 337 338 338 338 328 318 308 308 298 298 268 268 278 288 278 278 278 288 278 277 257 247
1034 824 824 724 814 904 474 424 424 424 414 414 404 395 385 365 345 325 305 285 285 285 305 315 535 565 585 575 575 575 545 565 565 566 536 526 506 366 356 366 366 376 376 366 357 347 347 347 337 347 347 347 347 357 357 337 337 338 328 338 338 338 328 328 318 298 308 298 288 268 268 278 268 278 288 298 288 268 268 268
994 1014 954 764 824 854 814 454 434 424 414 425 405 395 365 315 325 315 305 295 275 275 295 355 525 525 555 565 585 565 575 566 566 566 546 526 526 476 356 346 366 366 357 357 357 357 347 337 337 337 347 337 337 357 348 338 338 338 338 338 328 338 328 318 318 298 298 298 278 298 288 278 278 268 278 288 288 278 268 278
654 1064 1014 954 804 874 834 894 765 425 415 405 395 385 355 335 315 285 275 255 255 245 305 485 505 515 505 565 555 545 556 566 556 566 556 546 526 536 496 356 366 357 347 347 347 337 337 337 337 337 337 337 338 348 348 338 328 328 328 338 338 328 328 318 308 308 298 288 278 298 298 288 288 278 278 278 288 278 268 268
714 694 1114 1014 784 635 915 845 875 735 375 385 395 365 345 305 265 255 255 245 225 245 325 455 475 505 515 495 556 546 546 556 556 536 556 546 536 546 526 477 417 347 347 367 347 347 337 337 337 337 338 338 338 338 348 328 328 338 348 338 328 328 328 318 309 309 299 289 289 309 299 289 289 289 278 278 278 278 268 258
845 715 615 845 885 555 705 885 835 875 745 385 375 365 325 305 255 265 245 235 215 235 395 455 465 485 506 526 486 506 556 546 546 546 536 546 546 536 527 527 507 457 347 357 347 337 327 337 338 338 338 338 338 338 338 328 338 338 338 338 328 328 329 329 309 309 299 289 309 309 309 299 289 289 279 279 279 269 248 258
985 855 715 575 715 1045 795 545 895 845 875 375 375 345 295 285 235 235 225 245 255 275 385 435 446 466 476 496 516 526 536 526 536 516 536 536 517 537 527 527 517 517 457 367 347 337 328 348 348 338 338 328 328 328 338 338 338 328 329 329 329 319 319 319 319 309 299 299 309 309 299 299 299 279 279 269 279 269 269 269
1055 965 825 635 495 535 955 625 495 545 475 405 375 345 295 265 245 265 255 245 275 295 385 416 436 456 466 476 496 506 536 526 526 516 517 527 537 517 527 517 517 507 497 447 337 358 338 348 338 328 318 318 318 318 318 318 339 329 329 329 319 309 319 319 319 319 319 309 319 309 309 299 299 279 269 279 289 279 279 259
1165 1085 985 795 565 465 535 555 465 465 495 475 425 355 295 285 295 285 285 285 275 276 406 416 436 446 456 476 476 486 496 506 516 507 507 507 507 527 517 527 517 507 497 488 498 348 318 358 348 328 328 328 328 318 319 319 339 329 319 319 309 309 319 329 319 319 319 309 309 299 299 289 279 279 289 279 289 279 269 259
