resources/bathymetry/FullBay100/msl1k.asc
ncols         789
nrows         882
xllcorner     531320.83645285
yllcorner     4142047.4765937
cellsize      100
[rows 700 to 734 of 882, columns 400 to 479 of 789]
284 284 284 284 284 284 284 284 274 264 274 254 244 203 193 193 203 203 193 192 182 182 172 161 151 151 140 140 140 139 139 128 128 127 127 126 116 115 105 75 75 75 75 75 -9999 -9999 -9999 -9999 -9999 -9999 -9999 -9999 -9999 -9999 -9999 -9999 -9999 -9999 -9999 -9999 -9999 -9999 -9999 -9999 -9999 -9999 -9999 -9999 -9999 -9999 -9999 -9999 -9999 -9999 -9999 -9999 -9999 -9999 -9999 -9999
284 284 284 284 284 284 284 284 274 254 254 254 244 224 193 193 193 203 193 182 192 192 182 152 151 151 141 140 140 139 139 128 128 127 127 126 116 115 105 75 75 75 75 75 -9999 -9999 -9999 -9999 -9999 -9999 -9999 -9999 -9999 -9999 -9999 -9999 -9999 -9999 -9999 -9999 -9999 -9999 -9999 -9999 -9999 -9999 -9999 -9999 -9999 -9999 -9999 -9999 -9999 -9999 -9999 -9999 -9999 -9999 -9999 -9999
304 284 284 284 284 284 284 284 284 254 254 254 254 224 194 193 193 183 193 193 192 192 182 172 161 151 141 130 130 129 129 128 128 127 127 126 116 105 105 95 75 75 75 65 -9999 -9999 -9999 -9999 -9999 -9999 -9999 -9999 -9999 -9999 -9999 -9999 -9999 -9999 -9999 -9999 -9999 -9999 -9999 -9999 -9999 -9999 -9999 -9999 -9999 -9999 -9999 -9999 -9999 -9999 -9999 -9999 -9999 -9999 -9999 -9999
305 285 285 285 285 285 284 284 274 264 254 254 254 234 204 193 193 193 193 193 192 192 182 162 162 151 141 131 130 130 119 129 118 118 107 106 106 105 95 75 75 75 65 55 55 -9999 55 -9999 -9999 -9999 -9999 -9999 -9999 -9999 -9999 -9999 -9999 -9999 -9999 -9999 -9999 -9999 -9999 -9999 -9999 -9999 -9999 -9999 -9999 -9999 -9999 -9999 -9999 -9999 -9999 -9999 -9999 -9999 -9999 -9999
305 285 285 285 285 285 285 285 284 274 264 254 254 224 204 184 193 183 183 183 183 182 182 182 162 151 141 141 130 120 119 119 128 118 117 106 106 105 95 75 75 65 55 45 45 45 45 -9999 -9999 -9999 -9999 -9999 -9999 -9999 -9999 -9999 -9999 -9999 -9999 -9999 -9999 -9999 -9999 -9999 -9999 -9999 -9999 -9999 -9999 -9999 -9999 -9999 -9999 -9999 -9999 -9999 -9999 -9999 -9999 -9999
315 285 285 295 285 285 285 285 285 274 264 264 254 244 214 184 173 183 183 183 173 172 172 162 162 152 141 141 131 120 130 129 129 118 117 107 106 105 95 75 75 55 45 45 45 45 45 -9999 -9999 -9999 -9999 -9999 -9999 -9999 -9999 -9999 -9999 -9999 -9999 -9999 -9999 -9999 -9999 -9999 -9999 -9999 -9999 -9999 -9999 -9999 -9999 -9999 -9999 -9999 -9999 -9999 -9999 -9999 -9999 -9999
325 305 285 285 285 285 285 285 285 285 274 264 254 254 214 194 184 163 183 183 183 163 162 152 152 142 151 151 151 130 130 129 129 128 118 117 106 106 95 75 65 45 45 45 45 55 55 -9999 -9999 -9999 -9999 -9999 -9999 -9999 -9999 -9999 -9999 -9999 -9999 -9999 -9999 -9999 -9999 -9999 -9999 -9999 -9999 -9999 -9999 -9999 -9999 -9999 -9999 -9999 -9999 -9999 -9999 -9999 -9999 -9999
315 305 305 285 285 285 285 285 285 285 285 274 254 254 224 194 184 174 183 163 173 163 162 152 152 152 162 151 151 140 130 119 129 128 118 117 116 106 95 85 75 65 45 55 55 55 55 65 -9999 -9999 -9999 -9999 -9999 -9999 -9999 -9999 -9999 -9999 -9999 -9999 -9999 -9999 -9999 -9999 -9999 -9999 -9999 -9999 -9999 -9999 -9999 -9999 -9999 -9999 -9999 -9999 -9999 -9999 -9999 -9999
305 305 295 285 285 285 285 285 285 285 285 284 264 254 234 204 204 214 193 193 173 163 162 152 152 142 152 151 151 151 130 130 129 129 128 117 117 106 96 85 75 65 65 65 65 65 65 65 -9999 -9999 -9999 -9999 -9999 -9999 -9999 -9999 -9999 -9999 -9999 -9999 -9999 -9999 -9999 -9999 -9999 -9999 -9999 -9999 -9999 -9999 -9999 -9999 -9999 -9999 -9999 -9999 -9999 -9999 -9999 -9999
315 315 305 295 295 285 285 285 285 275 255 265 264 254 254 234 224 244 224 213 203 163 163 162 152 142 152 141 141 151 140 130 129 129 118 128 117 116 96 85 75 75 75 75 75 75 65 65 -9999 -9999 -9999 -9999 -9999 -9999 -9999 -9999 -9999 -9999 -9999 -9999 -9999 -9999 -9999 -9999 -9999 -9999 -9999 -9999 -9999 -9999 -9999 -9999 -9999 -9999 -9999 -9999 -9999 -9999 -9999 -9999
315 315 315 305 295 285 285 285 285 285 285 275 275 274 274 264 254 254 234 223 213 193 163 162 162 162 152 152 141 141 141 140 140 129 129 118 117 117 106 76 75 75 75 75 75 65 65 55 55 -9999 -9999 -9999 -9999 -9999 -9999 -9999 -9999 -9999 -9999 -9999 -9999 -9999 -9999 -9999 -9999 -9999 -9999 -9999 -9999 -9999 -9999 -9999 -9999 -9999 -9999 -9999 -9999 -9999 -9999 -9999
315 315 315 305 305 285 285 285 285 285 285 285 275 254 284 274 254 254 244 224 213 193 163 173 162 162 162 152 151 141 151 140 130 129 129 128 117 117 106 96 85 75 75 75 75 65 55 55 55 45 -9999 -9999 -9999 -9999 -9999 -9999 -9999 -9999 -9999 -9999 -9999 -9999 -9999 -9999 -9999 -9999 -9999 -9999 -9999 -9999 -9999 -9999 -9999 -9999 -9999 -9999 -9999 -9999 -9999 -9999
315 315 315 305 295 305 285 285 285 285 285 285 255 265 284 284 274 254 264 244 223 193 183 173 172 162 152 152 142 151 151 150 140 130 129 128 118 117 117 106 96 105 75 75 65 45 45 45 45 45 -9999 -9999 -9999 -9999 -9999 -9999 -9999 -9999 -9999 -9999 -9999 -9999 -9999 -9999 -9999 -9999 -9999 -9999 -9999 -9999 -9999 -9999 -9999 -9999 -9999 -9999 -9999 -9999 -9999 -9999
325 315 315 315 305 315 295 285 285 285 285 275 245 265 285 284 284 274 264 254 233 223 203 193 173 162 152 152 152 151 141 151 140 130 129 129 118 117 117 116 106 106 85 75 65 45 45 45 45 45 -9999 -9999 -9999 -9999 -9999 -9999 -9999 -9999 -9999 -9999 -9999 -9999 -9999 -9999 -9999 -9999 -9999 -9999 -9999 -9999 -9999 -9999 -9999 -9999 -9999 -9999 -9999 -9999 -9999 -9999
345 315 315 315 315 315 305 285 285 285 285 255 255 275 285 284 284 284 274 254 244 223 203 193 173 162 162 162 162 152 141 141 150 140 130 129 118 118 117 107 116 106 96 75 75 65 45 45 45 55 45 -9999 -9999 -9999 -9999 -9999 -9999 -9999 -9999 -9999 -9999 -9999 -9999 -9999 -9999 -9999 -9999 -9999 -9999 -9999 -9999 -9999 -9999 -9999 -9999 -9999 -9999 -9999 -9999 -9999
345 345 346 316 316 316 305 295 285 285 285 255 255 275 285 285 284 254 264 254 244 223 213 183 183 163 152 182 162 152 151 141 151 140 130 129 129 128 118 107 107 106 96 75 75 65 65 45 55 55 45 45 -9999 -9999 -9999 -9999 -9999 -9999 -9999 -9999 -9999 -9999 -9999 -9999 75 75 116 116 116 116 106 -9999 -9999 -9999 -9999 -9999 -9999 -9999 -9999 -9999
366 346 346 346 316 316 316 316 305 315 295 255 285 285 285 285 275 254 254 254 254 244 223 213 183 163 162 162 182 162 162 161 151 150 140 130 129 119 118 98 97 106 96 76 75 75 65 65 65 55 45 45 -9999 -9999 -9999 -9999 -9999 -9999 -9999 -9999 -9999 -9999 75 75 -9999 -9999 -9999 -9999 -9999 -9999 106 106 76 76 -9999 -9999 -9999 -9999 -9999 -9999
376 386 376 376 376 316 316 316 306 306 295 265 285 285 285 285 265 254 254 254 254 244 223 223 193 183 153 162 162 162 162 161 161 151 150 140 129 119 118 118 117 107 96 76 76 75 75 65 65 45 45 35 35 -9999 -9999 -9999 -9999 -9999 -9999 -9999 -9999 75 75 -9999 -9999 -9999 -9999 -9999 -9999 -9999 -9999 -9999 76 76 66 56 -9999 -9999 -9999 -9999
386 386 376 376 376 356 366 336 326 316 316 295 285 295 285 275 255 255 264 254 254 254 234 223 213 183 163 152 162 162 152 152 151 151 151 140 140 129 119 118 118 117 107 86 76 76 75 65 45 45 45 35 35 35 -9999 -9999 -9999 -9999 -9999 -9999 95 105 -9999 -9999 -9999 -9999 -9999 -9999 -9999 -9999 -9999 -9999 -9999 -9999 66 57 77 67 -9999 -9999
406 406 396 386 376 376 376 356 346 336 316 316 316 315 285 275 265 255 275 274 274 264 254 244 223 203 163 153 162 162 152 152 151 151 151 150 140 130 129 119 118 118 107 107 77 76 76 76 65 45 35 35 35 35 -9999 -9999 -9999 -9999 -9999 115 106 -9999 -9999 -9999 -9999 -9999 -9999 -9999 -9999 -9999 -9999 -9999 -9999 -9999 -9999 -9999 -9999 67 67 67
446 426 416 396 376 366 376 376 356 346 316 336 326 316 305 285 285 285 285 285 274 274 254 254 224 213 183 163 163 162 162 152 162 161 151 151 150 150 140 119 119 118 108 107 107 77 76 76 66 46 45 45 35 35 -9999 -9999 -9999 -9999 -9999 126 -9999 -9999 -9999 -9999 -9999 -9999 -9999 -9999 -9999 -9999 -9999 -9999 -9999 -9999 -9999 -9999 -9999 -9999 -9999 67
556 466 416 396 376 356 366 376 366 346 326 346 366 346 326 315 305 285 275 255 265 254 254 254 244 224 213 193 163 163 162 152 152 142 141 151 151 150 140 140 119 119 118 108 108 77 77 76 66 66 46 46 36 36 -9999 -9999 -9999 -9999 136 126 -9999 -9999 -9999 -9999 -9999 -9999 -9999 -9999 -9999 -9999 -9999 -9999 -9999 -9999 -9999 -9999 -9999 -9999 -9999 -9999
656 566 516 446 396 356 346 346 346 346 316 356 356 346 346 346 325 315 295 255 255 255 244 254 234 244 224 203 193 173 163 152 152 152 142 141 151 151 150 140 130 119 119 108 108 98 77 77 77 66 56 46 36 46 -9999 -9999 -9999 -9999 146 -9999 -9999 -9999 -9999 -9999 -9999 -9999 -9999 -9999 -9999 -9999 -9999 -9999 -9999 -9999 -9999 -9999 -9999 -9999 -9999 -9999
716 646 606 536 456 396 366 376 346 346 346 346 356 376 336 346 326 315 285 255 245 255 235 244 244 234 224 214 193 183 183 163 152 162 152 142 141 141 141 140 140 130 129 119 109 98 88 77 77 67 47 47 46 46 46 -9999 -9999 126 -9999 -9999 -9999 -9999 -9999 -9999 -9999 -9999 -9999 -9999 -9999 -9999 -9999 -9999 -9999 -9999 -9999 -9999 -9999 -9999 -9999 -9999
776 706 656 616 546 476 436 356 346 336 336 346 326 336 346 346 326 316 275 275 235 205 225 225 214 204 224 224 214 193 183 183 153 162 152 142 142 141 141 141 140 130 130 119 109 109 98 78 78 77 67 57 47 37 47 67 67 87 -9999 -9999 -9999 -9999 -9999 -9999 -9999 -9999 -9999 -9999 -9999 -9999 -9999 -9999 -9999 -9999 -9999 -9999 -9999 -9999 -9999 -9999
926 786 706 666 636 566 526 446 406 366 336 316 316 316 316 326 326 336 286 225 235 205 165 215 225 214 214 224 194 194 193 183 183 163 152 152 152 142 141 141 141 130 130 130 119 109 99 98 78 78 68 57 47 37 47 67 87 47 -9999 -9999 -9999 -9999 -9999 -9999 -9999 -9999 -9999 -9999 -9999 -9999 -9999 -9999 -9999 -9999 -9999 -9999 -9999 -9999 -9999 -9999
1016 936 776 726 676 626 586 537 467 427 387 347 326 286 296 296 296 316 306 286 266 245 245 215 205 215 224 214 204 194 194 193 183 163 163 152 152 142 142 141 131 141 130 130 130 109 109 109 89 78 78 78 58 38 67 87 67 47 -9999 -9999 -9999 -9999 -9999 -9999 -9999 -9999 -9999 -9999 -9999 -9999 -9999 -9999 -9999 -9999 -9999 -9999 -9999 -9999 -9999 -9999
1146 1036 916 806 717 647 617 577 527 487 417 377 357 347 326 316 306 316 316 316 286 276 245 225 215 235 225 224 214 194 194 194 193 183 163 153 152 152 152 142 141 141 131 130 130 120 109 109 79 79 78 78 68 48 78 78 48 48 -9999 -9999 -9999 -9999 -9999 -9999 -9999 -9999 -9999 -9999 -9999 -9999 -9999 -9999 -9999 -9999 -9999 -9999 -9999 -9999 -9999 -9999
1256 1156 1027 917 807 677 647 597 587 537 477 437 387 357 337 317 316 316 316 306 306 296 276 255 235 235 225 215 214 194 184 184 184 183 173 163 163 162 152 152 142 141 131 131 130 120 110 110 99 79 79 79 78 98 78 48 48 48 -9999 -9999 -9999 -9999 -9999 -9999 -9999 -9999 -9999 -9999 -9999 -9999 -9999 -9999 -9999 -9999 -9999 -9999 -9999 -9999 -9999 -9999
1437 1347 1167 1057 947 837 707 657 597 557 527 497 447 397 377 347 327 317 316 306 286 306 296 286 256 245 215 195 195 174 184 164 154 154 153 163 163 153 152 152 152 142 141 131 131 120 120 110 110 79 79 79 89 79 58 38 38 38 38 -9999 -9999 -9999 -9999 -9999 -9999 -9999 -9999 -9999 -9999 -9999 -9999 -9999 -9999 -9999 -9999 -9999 -9999 -9999 -9999 -9999
1517 1417 1307 1177 1047 937 847 717 617 587 557 527 497 467 427 377 357 337 317 317 316 306 296 286 276 266 245 215 205 195 195 174 154 154 154 143 143 153 163 152 142 142 142 131 131 121 111 90 110 80 80 109 79 69 49 49 39 39 38 -9999 -9999 -9999 -9999 -9999 -9999 -9999 -9999 -9999 -9999 -9999 -9999 -9999 -9999 -9999 -9999 -9999 -9999 -9999 -9999 -9999
1587 1467 1397 1347 1217 1047 947 817 647 597 567 557 517 497 467 427 397 347 317 317 307 286 296 306 286 276 256 245 235 215 195 185 164 154 154 154 143 143 153 153 142 142 142 132 131 121 111 101 80 80 110 80 69 49 59 49 49 49 39 49 -9999 -9999 -9999 -9999 -9999 -9999 -9999 -9999 -9999 -9999 -9999 -9999 -9999 -9999 -9999 -9999 -9999 -9999 -9999 -9999
1617 1537 1437 1397 1317 1207 1067 917 727 637 577 557 527 527 497 487 427 397 347 327 317 317 286 286 286 266 256 256 245 225 195 195 165 154 154 134 144 133 143 153 153 142 142 132 132 121 111 101 101 110 90 80 80 70 69 69 49 49 49 69 -9999 -9999 -9999 -9999 -9999 -9999 -9999 -9999 -9999 -9999 -9999 -9999 -9999 -9999 -9999 -9999 -9999 -9999 -9999 -9999
1667 1587 1507 1427 1377 1307 1177 1097 877 737 607 557 527 527 507 497 447 427 377 347 327 317 317 286 286 276 256 256 246 225 225 195 185 175 184 164 154 144 153 153 153 153 152 142 132 132 121 111 91 91 80 80 80 80 80 70 49 59 89 89 89 89 -9999 -9999 -9999 -9999 -9999 -9999 -9999 -9999 -9999 -9999 -9999 -9999 -9999 -9999 -9999 -9999 -9999 -9999
1647 1627 1557 1457 1407 1377 1257 1177 1077 947 677 567 537 527 517 497 497 467 427 397 357 347 337 307 287 286 276 266 256 246 235 235 215 205 185 164 164 154 164 173 173 163 163 152 142 132 122 121 121 111 121 80 80 80 90 90 50 80 80 80 89 89 -9999 -9999 -9999 -9999 -9999 -9999 -9999 -9999 -9999 -9999 -9999 -9999 -9999 -9999 -9999 -9999 -9999 -9999
