resources/bathymetry/FullBay100/msl1k.asc
ncols         789
nrows         882
xllcorner     531320.83645285
yllcorner     4142047.4765937
cellsize      100
[rows 175 to 209 of 882, columns 640 to 719 of 789]
55 55 45 485 515 555 575 515 565 475 385 275 294 344 374 344 274 324 -9999 -9999 -9999 -9999 -9999 -9999 -9999 -9999 -9999 -9999 -9999 -9999 -9999 184 754 1304 1724 1754 1584 1504 1304 1024 974 833 773 853 693 363 143 123 163 223 253 203 173 133 123 -9999 -27 -27 -27 663 753 733 663 563 423 253 193 182 202 372 732 462 82 -28 -28 -28 -28 -28 -28 -28
65 55 105 125 295 605 535 505 565 455 325 285 294 314 334 294 304 294 -54 374 -9999 -9999 -9999 -9999 -9999 -9999 -9999 -9999 174 304 534 894 1414 1664 1634 1554 1444 1344 1094 904 814 783 783 813 563 103 123 153 203 303 233 163 133 123 -9999 -27 -27 -27 -27 553 723 723 683 603 493 323 223 203 202 332 732 602 222 -28 -28 -28 -28 -28 -28 -28
135 155 125 135 165 165 185 235 275 395 305 294 274 324 294 304 344 324 324 324 344 -9999 -9999 -9999 -9999 -9999 -9999 424 704 1034 1224 1464 1564 1534 1444 1404 1254 1064 924 854 874 893 853 603 113 133 143 203 283 243 233 483 673 883 1063 893 823 783 793 473 603 733 693 633 543 413 273 223 213 302 662 702 202 -28 -28 -28 -28 -28 -28 -28
145 165 115 145 165 175 185 165 175 145 135 144 154 184 314 334 304 324 264 254 204 254 214 244 534 764 884 1174 1264 1334 1384 1444 1444 1414 1374 1274 1064 954 944 944 924 853 553 163 163 173 193 213 223 -9999 -9999 613 -9999 -27 -27 -27 -27 -27 -27 -27 463 733 693 653 573 463 323 233 223 293 592 712 152 -28 -28 -28 -28 -28 -28 -28
165 165 115 155 175 235 195 165 165 175 154 144 154 184 314 284 334 294 304 244 304 504 674 854 924 1034 1154 1284 1324 1364 1374 1394 1394 1344 1204 1094 994 984 994 934 854 393 203 193 203 223 213 193 183 63 -27 -27 -27 -27 -27 -27 -27 -27 -27 -27 313 723 713 673 603 503 363 253 223 283 552 782 142 -28 -28 -28 -28 -28 -28 -28
145 155 165 175 205 225 205 175 185 185 154 154 154 224 344 314 314 344 434 654 764 834 884 974 1014 1124 1224 1264 1284 1304 1304 1324 1284 1184 1094 1074 1064 994 884 694 474 263 263 263 253 243 203 183 183 163 163 -27 -27 -27 -27 -27 -27 -27 -27 -27 -27 633 713 673 623 543 403 273 243 283 603 842 162 -28 -28 -28 -28 -28 -28 -28
125 135 195 205 235 255 215 205 185 215 204 204 184 204 364 394 374 954 934 894 884 934 994 1064 1124 1204 1164 1204 1244 1264 1284 1254 1144 1134 1124 1104 1044 894 694 464 304 263 273 353 383 363 253 203 183 183 183 193 283 -27 -27 -27 -27 -27 -27 -27 523 423 713 683 653 563 443 293 253 283 583 773 -9999 -28 -28 -28 -28 -28 -28 -28
255 385 255 215 245 335 355 315 285 274 224 264 234 284 474 604 834 994 954 954 984 1034 1104 1164 1154 1184 1214 1244 1254 1234 1174 1134 1154 1154 1104 1024 794 634 444 294 264 213 153 213 383 433 593 663 233 203 183 203 413 -9999 -27 -27 -27 -27 -27 -27 343 243 723 693 673 603 473 323 263 243 693 673 -9999 -27 -28 -28 -28 -28 -28 -28
925 875 865 855 845 835 825 835 855 804 824 854 904 974 964 1024 1014 1024 1054 1124 1134 1174 1194 1174 1214 1224 1254 1244 1224 1184 1194 1214 1214 1134 864 724 594 454 334 244 194 154 163 163 193 243 403 693 993 563 -9999 453 -9999 -27 -27 -27 -27 -27 -27 -27 -27 203 683 713 683 633 513 333 253 283 643 663 -9999 -27 -27 -28 -28 -28 -28 -28
975 915 915 905 915 855 905 915 945 954 934 974 974 1024 1044 1044 1144 1194 1204 1254 1244 1244 1234 1254 1304 1354 1314 1274 1314 1354 1324 1304 1134 894 654 584 444 334 254 194 174 194 223 223 243 213 203 303 243 793 -9999 613 -27 -27 -27 -27 -27 -27 -27 -27 323 -27 673 713 693 653 503 303 263 233 643 893 133 -27 -27 -27 -28 -28 -28 -28
1065 1055 1085 1035 955 975 1005 1015 1024 1024 1024 1044 1054 1094 1104 1094 1334 1454 1444 1644 1824 1654 1574 1704 1684 1684 1604 1494 1494 1354 1174 1024 744 594 534 454 364 264 194 204 254 284 303 403 433 293 263 183 173 223 613 1063 -27 -27 -27 -27 -27 -27 -27 -27 -27 533 733 723 693 653 523 323 263 233 543 913 233 -9999 -27 -27 -27 123 -28 -28
1275 1235 1245 1215 1165 1165 1125 1145 1164 1184 1194 1194 1284 1284 1284 1364 1954 2014 2064 2064 2154 2374 2384 2394 2234 2114 1804 1544 1354 1104 814 674 544 424 414 374 264 204 174 254 314 344 383 173 -9999 123 153 143 143 -27 -27 393 993 -27 -27 -27 -27 -27 -27 -27 -27 -27 573 723 693 663 533 333 263 243 403 953 473 -9999 -27 -27 -27 -27 -27 -27
1395 1355 1335 1345 1325 1355 1335 1295 1274 1314 1334 1374 1544 1674 1744 2054 1974 1994 2014 1994 2034 1924 2304 2344 1624 1234 1194 974 954 774 584 434 344 304 174 174 224 254 284 284 244 174 -9999 -9999 -27 -27 -9999 -9999 -27 -27 -27 -27 413 -9999 -27 -27 -27 -27 -27 -27 -27 423 403 713 703 683 593 383 273 243 273 863 793 153 -27 -27 -27 143 -27 -27
1655 1585 1575 1525 1505 1565 1495 1565 1554 1514 1614 1664 1794 1904 1994 1704 1764 1494 1364 1234 1264 1164 1084 1104 1224 1184 1234 1154 734 614 364 234 164 134 144 214 254 244 224 154 -9999 -9999 -27 -27 -27 -27 -27 -27 -27 -27 -27 -27 -27 333 1073 -27 -27 -27 -27 -27 -27 -27 343 683 713 693 633 433 283 243 253 653 713 153 -27 -27 -27 -27 293 -9999
1815 1825 1755 1635 1545 1555 1585 1555 1504 1494 1764 1844 1784 1794 1724 1294 1224 1204 1074 864 744 744 674 724 804 874 1234 1254 844 694 484 214 144 134 234 234 64 144 -9999 164 -26 -26 -26 -27 -27 -27 -27 -27 -27 -27 -27 -27 -27 -27 303 1043 383 -27 -27 -27 -27 -27 433 653 713 713 673 493 313 253 243 533 843 213 -27 -27 -27 -27 383 -9999
1705 1775 1725 1635 1585 1535 1565 1565 1394 1364 1514 1654 1614 1474 964 704 674 594 654 454 404 154 204 654 124 184 594 1154 1174 704 614 314 124 164 174 104 64 -9999 -26 -26 -26 134 -26 -27 -27 -27 -27 -27 -27 -27 -27 -27 -27 -27 -27 473 -9999 -27 -27 -27 -27 -27 -27 503 723 733 673 563 363 253 233 343 773 353 -9999 -27 -27 373 303 243
275 835 1025 1205 1395 1465 1325 1415 1364 1254 1174 1214 1234 944 454 354 284 204 144 114 384 104 104 294 -9999 124 -9999 884 1224 1104 574 454 164 124 94 -9999 -26 -26 -26 -26 -26 154 -26 -26 -27 -27 -27 -27 -27 -27 -27 -27 -27 -27 -27 -27 873 -9999 -27 -27 -27 -27 -27 253 693 753 713 613 433 273 223 273 733 823 193 303 253 243 233 243
-53 -53 -53 -53 725 775 905 865 974 744 674 644 584 494 164 164 154 104 104 -9999 -9999 -9999 -9999 -9999 -9999 154 254 274 1114 1204 804 1044 264 -9999 -9999 -26 -26 -26 -26 -26 -26 -26 134 -26 -26 -27 -27 -27 -27 -27 -27 -27 -27 -27 -27 -27 283 -9999 -27 -27 -27 -27 403 223 713 763 713 663 553 333 223 223 613 723 203 143 173 163 143 153
-53 -53 -53 -53 -53 285 285 325 264 284 254 224 274 174 -9999 -9999 -9999 -9999 -9999 -9999 -9999 -9999 -9999 -9999 -9999 204 214 194 794 1234 1334 1444 64 -9999 -26 -26 -26 -26 -26 -26 -26 164 -26 -26 -26 -26 -27 -27 -27 -27 -27 -27 323 303 -27 -27 -27 663 403 -27 -27 -27 -27 -27 513 743 693 653 643 413 223 213 413 703 333 -9999 -27 143 143 133
-9999 -9999 315 275 -9999 -9999 -9999 105 -9999 144 144 134 -9999 -9999 -9999 -9999 -9999 -9999 -9999 -9999 -9999 -9999 -9999 -9999 -9999 -9999 194 -9999 -9999 1044 1244 1174 -9999 -26 -26 -26 -26 -26 -26 -26 -26 -26 -26 -26 -26 -26 -26 -27 -27 -27 203 -27 283 293 -27 -27 -27 913 363 -27 -27 -27 -27 473 153 713 693 713 703 533 273 183 253 673 503 233 -9999 163 153 203
-9999 -9999 -9999 -9999 -9999 -9999 -9999 -9999 -9999 -9999 -9999 -9999 -9999 -9999 -9999 -9999 -9999 -9999 -9999 -9999 -9999 -9999 -9999 -9999 -9999 -9999 -9999 -9999 -9999 814 1164 1214 914 -26 -26 -26 -26 -26 -26 -26 -26 -26 -26 -26 -26 -26 -26 -26 -26 343 -27 -27 -27 -27 -27 -27 -27 443 -9999 -27 -27 -27 -27 -27 -27 673 713 723 733 603 363 213 163 553 583 393 -9999 -27 223 243
-9999 -9999 -9999 -9999 -9999 -9999 -9999 -9999 -9999 -9999 -9999 -9999 -9999 -9999 -9999 -9999 -9999 -9999 -9999 -9999 -9999 -9999 -9999 -9999 -9999 -9999 -9999 -9999 -9999 554 654 1224 1244 1214 854 -26 -26 -26 -26 -26 -26 -26 -26 -26 -26 -26 -26 -26 -26 -26 -27 -27 -27 -27 -27 -27 -27 -27 933 -27 -27 -27 -27 -27 403 233 733 723 763 733 523 263 183 233 573 473 273 -9999 203 273
-9999 -9999 -9999 -9999 -9999 -9999 -9999 -9999 -9999 -9999 -9999 -9999 -9999 -9999 -9999 -9999 -9999 -9999 -9999 -9999 -9999 -9999 -9999 -9999 -9999 -9999 -9999 -9999 -9999 494 454 334 1134 1194 1214 1114 504 -26 -26 -26 -26 -26 -26 -26 -26 -26 -26 -26 -26 -26 -26 -26 -27 -27 -27 -27 -27 -27 793 933 -27 -27 -27 -27 -27 -27 333 783 793 753 623 393 253 263 443 513 383 233 -9999 293
-9999 -9999 -9999 -9999 -9999 -9999 -9999 -9999 -9999 -9999 -9999 -9999 -9999 -9999 -9999 -9999 -9999 -9999 -9999 -9999 -9999 -9999 -9999 -9999 -9999 -9999 -9999 -9999 -9999 -9999 244 -9999 104 934 1234 1284 1234 1054 -26 -26 -26 -26 -26 -26 -26 -26 -26 -26 -26 -26 -26 -26 -26 -26 -27 -27 -27 -27 303 1393 523 -27 -27 -27 -27 283 313 533 833 783 733 603 423 293 303 513 453 233 143 193
-9999 -9999 -9999 -9999 -9999 -9999 -9999 -9999 -9999 -9999 -9999 -9999 -9999 -9999 -9999 -9999 -9999 -9999 -9999 -9999 -9999 -9999 -9999 -9999 -9999 -9999 -9999 424 -9999 -9999 144 -9999 -9999 -9999 -9999 1294 1354 1284 1274 -26 -26 -26 -26 -26 -26 -26 -26 -26 -26 -26 -26 -26 -26 -26 -26 -26 -26 1023 2113 573 -9999 -27 -27 -27 -27 -27 343 333 813 853 763 723 583 403 333 383 503 333 153 143
-9999 -9999 -9999 -9999 -9999 -9999 -9999 -9999 -9999 -9999 -9999 -9999 -9999 -9999 -9999 -9999 -9999 -9999 -9999 -9999 -9999 -9999 -9999 -9999 -9999 -9999 -9999 -9999 -9999 -9999 -9999 -9999 -9999 -9999 -9999 -9999 524 844 1234 1354 1234 -26 -26 -26 -26 -26 -26 -26 -26 -26 -26 -26 -26 -26 -26 -26 -26 544 644 363 -9999 -27 -27 -27 -27 -27 -27 443 233 793 823 793 733 573 433 363 413 443 203 143
-9999 -9999 -9999 -9999 -9999 -9999 -9999 -9999 -9999 -9999 -9999 -9999 -9999 -9999 -9999 -9999 -9999 -9999 -9999 -9999 -9999 -9999 -9999 -9999 -9999 -9999 -9999 -9999 -9999 -9999 -9999 -9999 -9999 -9999 -9999 -9999 -9999 -9999 924 484 1144 1264 1254 -26 -26 -26 -26 -26 -26 -26 -26 -26 -26 -26 1084 -26 374 564 424 274 -9999 -26 -27 -27 -27 -27 -27 -27 -9999 713 803 863 893 803 643 523 463 433 333 173
-9999 -9999 -9999 -9999 -9999 -9999 -9999 -9999 -9999 -9999 -9999 -9999 -9999 -9999 -9999 -9999 -9999 -9999 -9999 -9999 -9999 -9999 -9999 -9999 -9999 -9999 -9999 -9999 -9999 -9999 -9999 -9999 -9999 -9999 -9999 -9999 -9999 -9999 -9999 -9999 554 554 974 1194 1324 1344 1304 1234 1274 1264 1294 1314 1314 1304 1264 1244 1084 844 724 274 -9999 -26 -26 -26 -26 -26 -27 -27 -27 713 633 853 963 983 913 743 653 543 413 223
-9999 -9999 -9999 -9999 -9999 -9999 -9999 -9999 -9999 -9999 -9999 -9999 -9999 -9999 -9999 -9999 -9999 -9999 -9999 -9999 -9999 -9999 -9999 -9999 -9999 -9999 -9999 -9999 -9999 -9999 -9999 -9999 -9999 -9999 -9999 -9999 -9999 -9999 -9999 -9999 -9999 -9999 384 484 614 524 974 1134 1184 974 1064 1074 1064 934 964 774 1194 1324 1234 894 -9999 -26 -26 -26 -26 -26 -26 -26 -26 1423 653 793 1023 1083 1133 1033 883 743 563 333
-9999 -9999 -9999 -9999 -9999 -9999 -9999 -9999 -9999 -9999 -9999 -9999 -9999 -9999 -9999 -9999 -9999 -9999 -9999 -9999 -9999 -9999 -9999 -9999 -9999 -9999 -9999 -9999 -9999 -9999 -9999 -9999 -9999 -9999 -9999 -9999 -9999 -9999 -9999 -9999 -9999 -9999 -9999 -9999 -9999 -9999 -9999 -9999 -9999 794 624 184 104 234 454 -9999 654 954 1594 1314 1074 -26 -26 -26 -26 -26 -26 -26 -26 764 694 784 974 1224 1373 1423 1363 1173 943 603
-9999 -9999 -9999 -9999 -9999 -9999 -9999 -9999 -9999 -9999 -9999 -9999 -9999 -9999 -9999 -9999 -9999 -9999 -9999 -9999 -9999 -9999 -9999 -9999 -9999 -9999 -9999 -9999 -9999 -9999 -9999 -9999 -9999 -9999 -9999 -9999 -9999 -9999 -9999 -9999 -9999 -9999 -9999 -9999 -9999 -9999 -9999 -9999 -9999 -9999 -9999 154 -9999 -9999 -9999 -9999 -9999 -9999 844 1584 1554 1234 -9999 -26 -26 -26 -26 -26 -26 974 1054 1144 1194 1404 1524 1664 1744 1674 1303 1123
-9999 -9999 -9999 -9999 -9999 -9999 -9999 -9999 -9999 -9999 -9999 -9999 -9999 -9999 -9999 -9999 -9999 -9999 -9999 -9999 -9999 -9999 -9999 -9999 -9999 -9999 -9999 -9999 -9999 -9999 -9999 -9999 -9999 -9999 -9999 -9999 -9999 -9999 -9999 -9999 -9999 -9999 -9999 -9999 -9999 -9999 -9999 -9999 -9999 -9999 -9999 -9999 -9999 -9999 -9999 -9999 -9999 -9999 -9999 1204 1024 1644 1504 1434 1364 1354 1304 1294 1204 1194 1184 1204 1174 1274 1434 1604 1864 1934 1894 1554
-9999 -9999 -9999 -9999 -9999 -9999 -9999 -9999 -9999 -9999 -9999 -9999 -9999 -9999 -9999 -9999 -9999 -9999 -9999 -9999 -9999 -9999 -9999 -9999 -9999 -9999 -9999 -9999 -9999 -9999 -9999 -9999 -9999 -9999 -9999 -9999 -9999 -9999 -9999 -9999 -9999 -9999 -9999 -9999 -9999 -9999 -9999 -9999 -9999 -9999 -9999 -9999 -9999 -9999 -9999 -9999 -9999 -9999 -9999 -9999 -9999 364 1224 1434 1414 1364 1194 1154 934 794 734 574 474 594 714 804 784 1154 1914 2044
-9999 -9999 -9999 -9999 -9999 -9999 -9999 -9999 -9999 -9999 -9999 -9999 -9999 -9999 -9999 -9999 -9999 -9999 -9999 -9999 -9999 -9999 -9999 -9999 -9999 -9999 -9999 -9999 -9999 -9999 -9999 -9999 -9999 -9999 -9999 -9999 -9999 -9999 -9999 -9999 -9999 -9999 -9999 -9999 -9999 -9999 -9999 -9999 -9999 -9999 -9999 -9999 -9999 -9999 -9999 -9999 -9999 -9999 -9999 -9999 -9999 -9999 374 304 214 414 374 304 214 144 284 354 374 384 384 384 544 674 654 1784
-9999 -9999 -9999 -9999 -9999 -9999 -9999 -9999 -9999 -9999 -9999 -9999 -9999 -9999 -9999 -9999 -9999 -9999 -9999 -9999 -9999 -9999 -9999 -9999 -9999 -9999 -9999 -9999 -9999 -9999 -9999 -9999 -9999 -9999 -9999 -9999 -9999 -9999 -9999 -9999 -9999 -9999 -9999 -9999 -9999 -9999 -9999 -9999 -9999 -9999 -9999 -9999 -9999 -9999 -9999 -9999 -9999 -9999 -9999 -9999 -9999 -9999 -9999 -9999 -9999 -9999 -9999 164 94 124 114 114 184 224 284 394 504 354 444 774
