resources/bathymetry/SPBay1983_50/spbay1983_50.asc
ncols         486
nrows         471
xllcorner     542312.98956582
yllcorner     4200289.8906384
cellsize      50
[rows 80 to 119 of 471, columns 182 to 272 of 486]
-30 -19 -11 -10 -13 -17 -20 -21 -21 -21 -20 -20 -20 -19 -18 -17 -10 -4 0 0 -3 -3 11 10 3 -2 4 11 22 10 12 10 3 0 0 1 6 10 12 10 6 3 7 9 7 5 1 0 2 7 9 12 16 20 24 27 29 28 26 23 20 19 20 20 20 19 19 19 20 23 26 27 28 18 9 5 4 5 5 9 14 12 5 3 3 3 6 9 10 7 2
-25 -15 -8 -5 -7 -11 -15 -18 -20 -21 -20 -20 -20 -18 -15 -12 -8 -3 2 6 4 6 22 25 19 12 10 19 25 20 22 21 12 6 2 3 8 13 15 15 11 10 9 6 5 4 2 2 7 9 10 13 18 21 24 27 29 27 25 21 19 19 19 19 19 19 19 19 21 25 28 28 26 20 15 13 14 9 4 7 15 6 2 2 5 4 7 13 4 2 0
-21 -13 -6 -1 -3 -7 -12 -16 -19 -21 -20 -20 -19 -17 -13 -10 -8 -3 2 6 10 19 20 24 28 30 30 28 26 24 20 18 19 13 4 6 10 13 12 18 11 6 4 2 2 4 5 5 8 9 9 11 16 19 23 26 28 27 23 20 19 19 19 19 19 19 19 20 22 27 29 25 21 19 18 17 17 15 13 18 17 10 7 6 2 1 5 14 4 1 1
-17 -11 -4 0 0 -4 -9 -14 -19 -20 -19 -18 -17 -13 -10 -8 -7 -3 0 4 9 17 7 12 20 33 17 16 14 13 10 7 14 18 11 9 11 8 5 13 21 23 15 9 7 8 9 9 9 9 10 10 14 18 21 24 27 26 22 20 19 19 19 19 20 20 20 20 22 29 27 22 20 19 19 19 19 18 18 19 18 14 10 8 6 6 10 17 11 9 8
-14 -9 -3 0 0 -2 -6 -11 -16 -18 -16 -12 -7 -4 -1 -2 -3 -1 0 0 3 6 3 5 10 35 10 11 6 11 7 7 11 17 12 6 4 2 5 13 21 25 23 17 12 12 14 12 10 10 10 11 14 17 19 21 26 24 21 20 19 19 19 20 20 21 21 23 25 29 28 24 22 21 20 20 20 20 19 19 18 16 14 11 10 12 15 19 17 16 17
-11 -5 -1 0 1 0 -3 -7 -11 -13 -11 -4 5 17 11 3 0 0 0 2 10 21 16 13 14 34 38 25 11 5 3 2 2 5 8 4 4 5 9 15 20 25 28 24 18 15 18 15 11 12 14 14 16 18 20 22 24 22 20 19 19 19 20 20 22 23 27 27 28 29 29 27 26 24 21 22 22 21 20 19 19 18 18 16 15 16 19 20 20 20 19
-9 -2 0 1 2 1 0 -3 -6 -8 -7 0 8 17 15 6 1 1 6 8 16 25 27 23 23 32 38 33 22 15 15 13 9 8 11 13 11 9 12 18 20 21 26 28 22 17 21 17 14 16 18 18 18 19 21 23 23 20 19 19 19 19 21 22 22 23 26 27 28 29 30 29 29 28 26 25 24 23 21 20 19 19 20 19 19 19 20 21 22 22 20
-10 -4 0 1 3 3 1 0 -1 -3 -1 1 6 13 18 7 6 6 9 11 19 27 31 30 27 27 35 38 30 22 22 24 18 13 18 24 20 13 14 17 19 20 22 28 27 26 21 14 15 18 19 19 19 20 21 22 21 20 19 19 20 21 22 24 24 22 25 28 29 30 30 31 33 31 29 28 26 22 21 20 19 20 22 23 23 21 21 22 22 24 23
-11 -5 -1 0 3 5 2 3 2 0 0 1 2 5 15 18 14 13 14 16 21 29 35 36 29 24 31 38 35 27 22 24 23 21 21 26 27 22 18 18 19 20 21 25 28 29 27 23 22 21 20 20 20 20 20 21 20 20 20 20 22 24 25 27 28 27 28 29 30 31 32 35 38 33 32 30 29 25 23 22 21 22 25 27 28 26 24 23 22 24 25
-9 -5 -1 0 3 5 7 8 6 1 1 3 2 6 13 19 18 17 17 19 22 30 37 38 29 28 28 35 39 32 25 25 28 27 23 26 32 29 22 19 19 19 21 21 25 30 35 37 37 27 22 20 20 19 20 20 20 20 20 21 23 27 28 28 29 30 32 33 31 31 33 36 39 37 35 32 30 27 26 25 25 26 28 30 33 31 28 26 27 27 27
-6 -3 0 1 3 5 5 6 9 3 4 6 8 9 13 18 19 19 19 21 22 31 39 41 30 33 26 32 39 37 25 23 28 34 29 28 38 37 29 21 19 21 23 22 23 31 38 29 27 22 20 20 19 19 19 19 20 20 20 20 21 25 28 29 30 33 35 37 34 33 32 34 38 39 34 31 30 29 28 28 29 29 30 33 37 34 30 26 27 27 27
-1 0 1 5 11 8 3 6 16 13 11 11 11 11 14 18 20 21 23 25 27 33 41 45 46 42 35 34 42 48 35 24 25 30 34 37 30 38 34 27 22 23 27 26 27 32 38 32 24 21 21 21 18 17 18 19 21 22 21 20 21 25 27 30 32 34 37 38 36 33 31 32 37 39 33 31 32 32 31 30 30 30 30 32 38 36 32 29 28 28 27
0 0 0 1 5 12 13 17 25 23 19 18 17 16 17 20 24 28 29 31 33 34 42 44 47 48 44 41 44 48 42 32 24 29 34 37 33 36 38 33 27 25 28 28 28 31 37 38 32 27 26 25 18 16 17 19 22 24 21 20 22 25 28 31 33 36 38 39 37 34 31 33 37 39 37 37 36 35 35 34 33 32 31 34 39 36 32 30 29 28 29
0 0 1 2 7 15 21 27 34 38 29 29 26 22 20 23 27 30 32 35 38 40 35 37 43 48 48 45 42 44 48 42 33 31 33 37 33 33 38 36 30 24 27 29 29 30 35 38 37 32 31 30 17 16 18 20 24 26 22 22 24 26 29 32 35 37 39 39 38 36 35 36 38 39 39 39 38 38 39 37 36 34 32 36 40 35 32 31 30 29 30
2 5 9 9 13 20 27 31 38 45 48 44 36 29 23 26 30 32 32 36 37 36 32 32 40 46 48 47 41 36 44 48 40 32 32 33 32 31 33 38 35 30 29 29 29 30 33 36 39 37 35 33 27 23 21 24 26 28 26 25 26 27 30 32 35 38 40 40 39 39 39 38 39 40 40 40 39 40 41 40 39 38 37 39 41 35 37 34 32 30 32
13 15 17 16 18 22 27 31 36 39 40 49 44 37 32 33 36 37 32 32 32 33 31 32 41 46 49 48 44 40 42 48 45 38 35 42 35 34 34 36 38 34 31 30 29 29 31 34 38 40 39 37 33 30 29 29 30 30 29 28 28 28 30 33 36 39 40 40 40 39 39 39 39 40 41 40 40 40 43 43 41 40 40 41 42 42 40 37 35 33 35
23 21 21 19 20 23 27 30 35 39 42 49 47 43 40 40 42 47 40 35 32 33 34 37 45 47 48 49 48 44 44 46 48 45 42 44 44 38 34 33 38 35 32 30 29 30 32 33 37 39 41 40 38 36 37 35 33 31 31 31 31 30 32 35 37 40 41 41 40 39 39 39 40 42 42 41 40 41 47 46 42 40 41 42 43 43 42 40 39 41 40
27 26 23 20 20 23 27 30 36 40 44 49 49 47 45 44 44 47 43 39 38 36 36 38 41 44 47 49 49 47 44 42 45 48 46 41 39 38 34 35 39 35 31 29 30 33 38 39 38 38 40 42 42 41 40 37 35 32 33 34 34 34 35 36 38 41 42 41 40 39 39 39 40 42 43 42 41 43 47 47 43 42 42 43 44 44 42 40 40 42 42
31 30 27 24 22 25 28 33 38 41 45 48 49 49 48 48 48 43 41 40 39 38 38 39 40 42 46 50 51 50 46 42 42 47 48 42 34 34 32 36 39 36 31 29 30 36 42 45 35 34 37 40 44 44 42 40 39 37 37 38 38 37 37 38 39 41 43 42 40 39 39 39 40 43 44 42 41 44 48 48 43 43 44 45 45 46 44 41 41 43 44
38 36 33 30 27 28 30 34 38 41 45 48 49 49 50 50 49 44 41 40 40 39 39 41 42 45 49 51 53 53 49 44 43 48 51 45 39 37 37 39 40 37 32 30 32 38 44 47 38 33 35 39 43 45 44 42 43 43 42 40 39 39 39 39 40 42 44 43 41 40 39 40 41 44 45 43 42 45 48 50 48 47 47 47 49 49 48 43 44 46 46
42 42 39 35 32 30 31 34 38 42 46 48 48 48 49 50 49 44 40 40 41 41 41 44 45 47 50 52 54 55 52 46 43 49 55 49 44 41 43 44 41 39 35 32 33 39 45 48 42 38 37 39 41 47 45 43 43 47 45 41 40 40 40 40 41 43 45 45 43 42 40 40 42 45 46 43 44 46 49 51 51 50 49 49 51 54 57 53 51 50 49
46 48 45 41 36 33 32 35 39 44 48 48 47 45 47 53 51 46 42 43 43 44 45 48 48 49 50 52 54 57 56 51 48 53 58 52 48 48 48 45 41 39 37 35 33 40 44 48 48 44 41 41 43 48 47 46 46 49 48 42 42 43 43 41 43 45 46 48 46 44 42 41 43 46 48 48 48 48 50 52 53 51 50 50 51 54 58 60 57 54 50
48 50 49 45 40 35 32 36 40 45 49 48 46 43 49 55 54 51 48 48 47 46 47 49 49 50 50 50 53 57 61 58 55 64 59 53 50 49 44 43 41 40 40 41 41 43 43 45 47 48 46 43 42 46 48 49 49 50 49 46 45 46 48 46 46 47 48 48 47 47 46 44 45 47 49 51 51 50 51 55 55 52 50 49 50 51 53 60 59 57 54
49 51 51 49 44 40 37 39 41 45 48 49 49 49 53 58 57 54 52 51 49 47 48 49 50 51 52 51 51 55 61 64 65 68 55 51 49 49 46 45 43 42 43 47 48 45 41 41 44 48 49 46 43 44 47 50 51 50 50 48 48 48 49 48 48 48 49 49 49 49 49 47 47 48 51 55 53 51 53 58 55 51 50 49 49 50 53 58 61 59 56
50 52 52 51 48 44 42 41 41 45 48 50 50 53 57 60 60 57 55 53 50 48 48 49 50 53 54 53 52 52 59 65 68 68 58 51 49 49 48 49 46 44 43 49 49 47 43 40 41 47 49 47 44 43 47 50 52 51 50 50 49 50 51 50 50 49 50 51 52 51 50 49 49 50 54 58 57 55 61 60 56 52 52 51 50 50 53 56 59 62 60
50 52 54 53 51 49 47 45 46 48 50 51 53 56 60 62 62 60 59 56 53 50 49 49 50 51 55 56 56 56 60 65 69 69 63 56 52 53 53 57 52 50 51 53 51 49 45 41 42 48 51 50 48 48 51 53 51 50 51 52 51 52 53 53 52 51 52 54 53 51 50 49 50 52 57 61 64 64 64 60 56 57 56 54 52 51 54 56 57 61 63
49 50 54 56 57 55 52 49 49 49 50 52 55 59 63 65 65 64 63 61 58 54 51 51 50 50 52 58 59 59 61 65 69 70 69 64 62 63 66 72 64 57 56 54 52 50 48 43 42 47 51 53 52 53 55 53 50 50 52 55 56 55 56 56 56 55 56 56 53 50 49 49 50 53 58 63 68 68 66 60 53 57 59 58 56 56 58 58 59 62 65
50 51 54 57 59 59 56 51 51 50 50 53 56 60 65 68 68 69 68 66 64 60 58 55 52 51 52 56 60 61 62 66 70 72 72 70 71 71 72 72 66 57 54 52 50 49 49 46 45 47 50 51 56 57 55 51 50 51 53 57 53 55 58 59 59 59 58 56 52 50 49 49 50 53 57 62 66 68 67 63 57 59 61 60 59 58 59 59 60 64 66
51 51 55 57 59 62 60 57 55 53 51 54 58 62 68 70 72 72 71 71 69 65 62 57 54 52 52 52 59 63 66 69 70 72 73 75 77 76 75 71 64 61 54 54 53 51 51 49 48 49 49 50 55 58 57 53 51 55 59 56 53 54 57 59 60 61 60 56 51 50 49 49 50 53 57 60 62 66 68 68 65 64 64 61 60 60 60 61 64 67 68
53 55 58 57 57 61 65 64 61 58 56 57 59 63 67 70 74 76 77 78 74 70 65 60 57 54 54 55 59 62 66 69 70 71 72 74 77 78 77 73 72 74 67 62 61 58 55 52 50 50 50 50 53 57 59 55 53 58 61 53 51 54 57 59 61 63 62 59 54 51 50 50 52 55 58 60 61 63 64 64 69 68 66 62 61 61 62 65 68 69 67
57 58 59 56 54 60 66 68 66 63 61 59 60 63 67 72 76 78 80 80 77 74 69 64 60 57 56 57 59 61 65 69 70 70 70 72 75 78 79 75 77 80 78 74 69 63 58 53 53 53 52 50 51 56 60 60 59 63 61 55 52 55 58 61 67 66 63 59 56 54 52 52 55 59 62 63 63 63 62 64 68 69 68 62 62 63 65 67 69 70 68
59 60 60 60 61 65 69 71 71 68 65 62 60 62 66 71 77 77 79 81 80 77 74 70 65 61 60 60 62 64 67 70 71 68 66 68 71 74 77 81 82 83 81 78 60 55 53 51 54 57 55 52 54 57 60 63 62 65 63 59 57 59 61 65 68 68 63 60 58 57 56 58 61 65 67 68 66 63 61 63 67 69 69 65 65 65 67 69 71 71 69
58 57 60 64 68 69 72 74 77 73 69 65 62 61 64 68 72 72 77 81 83 81 80 76 71 67 65 64 65 67 69 72 70 67 63 66 69 71 75 80 83 83 82 83 67 54 52 53 56 59 60 60 59 59 60 63 65 67 66 63 61 61 64 67 68 66 61 60 61 60 59 62 66 70 73 72 69 65 61 64 67 69 67 67 67 68 69 71 73 72 70
57 55 61 66 69 71 75 77 78 76 73 68 64 61 63 66 69 71 77 82 85 86 87 82 77 73 69 67 67 69 71 73 71 68 67 69 69 71 75 79 82 85 84 84 76 64 57 55 58 61 64 67 63 60 60 62 65 68 68 67 66 66 67 69 68 65 62 62 67 65 62 66 71 75 77 75 72 69 65 66 68 69 69 69 70 69 71 73 74 72 70
56 64 67 69 71 74 78 80 81 80 76 73 67 62 64 66 69 72 78 82 85 87 88 86 82 77 73 70 70 72 75 72 70 70 71 72 71 73 76 79 81 86 87 87 86 75 63 58 59 61 66 68 63 61 61 63 63 67 69 69 69 69 69 67 67 67 68 71 77 72 68 71 75 77 78 75 72 70 68 68 69 70 72 73 73 70 72 75 76 72 71
62 69 72 72 72 74 76 79 82 83 81 79 74 70 69 68 70 73 77 81 85 88 89 89 86 82 78 74 71 74 76 73 71 73 76 78 76 77 78 80 84 88 88 89 90 86 74 63 62 63 69 67 62 62 63 70 69 70 69 69 69 68 66 63 66 69 71 75 77 73 71 74 78 78 76 75 72 70 69 69 70 73 75 76 77 72 73 76 78 76 75
68 74 77 74 72 72 72 77 81 84 85 86 81 76 73 70 70 73 77 81 86 88 90 91 90 86 83 79 77 77 78 76 75 77 79 80 79 79 80 81 85 88 89 90 92 91 86 76 71 67 74 70 68 69 73 82 78 75 71 70 69 67 65 65 68 70 72 76 78 73 74 77 78 74 74 74 73 71 70 70 70 74 76 78 77 74 75 78 80 79 78
72 76 78 73 73 74 75 79 81 84 87 88 85 81 77 73 71 74 78 82 87 87 89 92 93 91 88 85 82 80 79 78 78 79 80 80 80 80 80 81 83 86 88 90 92 94 92 86 83 82 76 71 72 73 75 81 83 83 80 76 71 68 66 66 68 70 72 75 78 78 79 79 78 75 75 75 74 73 72 71 72 75 77 78 76 76 77 80 83 84 82
75 78 80 78 77 77 78 80 81 85 88 89 89 86 82 78 76 76 78 81 83 83 88 92 95 96 94 90 86 83 80 79 79 80 80 80 80 80 80 80 81 84 86 89 91 94 96 92 91 85 75 73 78 75 73 78 87 90 90 84 77 71 67 67 68 69 71 75 78 79 80 80 79 77 77 76 75 75 74 74 76 77 79 79 77 77 78 81 85 88 85
78 80 81 81 80 81 81 82 84 87 89 91 92 89 86 82 80 79 79 80 82 84 89 92 95 98 98 94 90 86 81 79 80 80 80 80 82 82 81 80 80 82 85 87 90 93 96 98 98 92 83 77 82 78 74 74 83 92 98 92 84 76 70 68 69 71 74 76 78 79 81 82 80 79 79 79 79 78 77 75 74 78 80 79 78 78 78 81 87 93 91
