resources/bathymetry/SPBay1983_50/spbay1983_50.asc
ncols         486
nrows         471
xllcorner     542312.98956582
yllcorner     4200289.8906384
cellsize      50
[rows 160 to 199 of 471, columns 364 to 454 of 486]
73 71 69 67 65 62 61 60 58 57 54 51 49 48 47 46 45 42 38 34 31 30 28 26 25 22 18 13 7 0 -4 -8 -11 -17 -24 -32 -45 -63 -66 -74 -115 -166 -182 -186 -186 -184 -181 -9999 -9999 -9999 -9999 -9999 -9999 -9999 -9999 -9999 -9999 -9999 -9999 -9999 -9999 -9999 -9999 -9999 -9999 -9999 -9999 -9999 -9999 -9999 -9999 -9999 -9999 -9999 -9999 -9999 -9999 -9999 -9999 -9999 -9999 -9999 -9999 -9999 -9999 -9999 -9999 -9999 -9999 -9999 -9999
74 71 70 68 68 67 65 62 60 59 56 53 50 50 49 49 48 45 41 37 34 32 31 29 28 25 21 16 11 4 0 -3 -8 -14 -21 -29 -39 -50 -46 -50 -103 -164 -183 -188 -185 -179 -170 -162 -9999 -9999 -9999 -9999 -9999 -9999 -9999 -9999 -9999 -9999 -9999 -9999 -9999 -9999 -9999 -9999 -9999 -9999 -9999 -9999 -9999 -9999 -9999 -9999 -9999 -9999 -9999 -9999 -9999 -9999 -9999 -9999 -9999 -9999 -9999 -9999 -9999 -9999 -9999 -9999 -9999 -9999 -9999
76 71 70 70 69 69 67 65 62 60 57 54 51 50 50 50 49 47 44 41 38 35 33 30 29 26 23 19 13 7 1 0 -5 -12 -18 -22 -32 -39 -35 -40 -89 -144 -175 -186 -186 -180 -175 -173 -184 -9999 -9999 -9999 -9999 -9999 -9999 -9999 -9999 -9999 -9999 -9999 -9999 -9999 -9999 -9999 -9999 -9999 -9999 -9999 -9999 -9999 -9999 -9999 -9999 -9999 -9999 -9999 -9999 -9999 -9999 -9999 -9999 -9999 -9999 -9999 -9999 -9999 -9999 -9999 -9999 -9999 -9999
79 75 73 72 71 70 70 68 67 64 60 57 54 52 51 50 50 49 48 47 43 39 35 31 30 28 24 20 16 11 7 2 -3 -9 -16 -19 -25 -30 -33 -45 -82 -128 -167 -182 -186 -184 -181 -181 -185 -9999 -9999 -9999 -9999 -9999 -9999 -9999 -9999 -9999 -9999 -9999 -9999 -9999 -9999 -9999 -9999 -9999 -9999 -9999 -9999 -9999 -9999 -9999 -9999 -9999 -9999 -9999 -9999 -9999 -9999 -9999 -9999 -9999 -9999 -9999 -9999 -9999 -9999 -9999 -9999 -9999 -9999
80 77 76 75 74 73 72 70 69 65 62 59 56 55 53 51 51 50 50 49 46 42 39 35 34 31 27 23 20 16 12 6 0 -4 -8 -13 -19 -25 -31 -44 -71 -106 -143 -170 -182 -185 -185 -183 -184 -186 -9999 -9999 -9999 -9999 -9999 -9999 -9999 -9999 -9999 -9999 -9999 -9999 -9999 -9999 -9999 -9999 -9999 -9999 -9999 -9999 -9999 -9999 -9999 -9999 -9999 -9999 -9999 -9999 -9999 -9999 -9999 -9999 -9999 -9999 -9999 -9999 -9999 -9999 -9999 -9999 -9999
80 78 78 78 78 75 73 71 69 66 63 60 59 58 57 55 53 52 50 49 48 46 43 40 38 35 31 27 23 20 17 9 2 0 -1 -8 -15 -22 -29 -38 -54 -78 -113 -146 -170 -181 -184 -183 -181 -185 -187 -9999 -9999 -9999 -9999 -9999 -9999 -9999 -9999 -9999 -9999 -9999 -9999 -9999 -9999 -9999 -9999 -9999 -9999 -9999 -9999 -9999 -9999 -9999 -9999 -9999 -9999 -9999 -9999 -9999 -9999 -9999 -9999 -9999 -9999 -9999 -9999 -9999 -9999 -9999 -9999
80 79 79 79 78 76 73 70 69 66 63 61 62 62 62 59 56 53 50 50 50 50 49 46 44 41 38 32 26 21 18 12 5 1 -1 -7 -13 -20 -24 -29 -36 -49 -83 -117 -146 -170 -179 -180 -178 -184 -188 -189 -9999 -9999 -9999 -9999 -9999 -9999 -9999 -9999 -9999 -9999 -9999 -9999 -9999 -9999 -9999 -9999 -9999 -9999 -9999 -9999 -9999 -9999 -9999 -9999 -9999 -9999 -9999 -9999 -9999 -9999 -9999 -9999 -9999 -9999 -9999 -9999 -9999 -9999 -9999
81 80 80 79 78 76 73 70 69 67 66 65 66 67 67 63 58 53 50 50 52 53 54 52 49 45 41 35 29 22 19 15 10 4 0 -6 -12 -18 -20 -22 -28 -39 -63 -89 -116 -143 -165 -173 -178 -184 -189 -191 -189 -9999 -9999 -9999 -9999 -9999 -9999 -9999 -9999 -9999 -9999 -9999 -9999 -9999 -9999 -9999 -9999 -9999 -9999 -9999 -9999 -9999 -9999 -9999 -9999 -9999 -9999 -9999 -9999 -9999 -9999 -9999 -9999 -9999 -9999 -9999 -9999 -9999 -9999
85 83 82 80 79 77 74 71 70 69 68 69 69 69 68 65 59 54 50 51 53 56 58 56 53 49 44 39 34 29 24 19 14 9 1 -4 -9 -13 -15 -17 -21 -31 -46 -63 -81 -108 -130 -153 -171 -181 -188 -191 -190 -188 -9999 -9999 -9999 -9999 -9999 -9999 -9999 -9999 -9999 -9999 -9999 -9999 -9999 -9999 -9999 -9999 -9999 -9999 -9999 -9999 -9999 -9999 -9999 -9999 -9999 -9999 -9999 -9999 -9999 -9999 -9999 -9999 -9999 -9999 -9999 -9999 -9999
89 87 85 84 82 79 77 75 75 72 70 71 72 72 71 67 62 55 51 52 55 58 62 59 55 50 46 42 38 34 29 23 18 12 5 0 -4 -8 -11 -15 -20 -27 -36 -43 -51 -82 -107 -132 -154 -172 -182 -187 -188 -186 -9999 -9999 -9999 -9999 -9999 -9999 -9999 -9999 -9999 -9999 -9999 -9999 -9999 -9999 -9999 -9999 -9999 -9999 -9999 -9999 -9999 -9999 -9999 -9999 -9999 -9999 -9999 -9999 -9999 -9999 -9999 -9999 -9999 -9999 -9999 -9999 -9999
95 93 89 89 87 84 81 81 82 78 73 74 77 77 77 73 66 57 52 53 56 60 65 62 56 50 48 46 43 39 32 26 20 15 8 2 0 -3 -7 -13 -19 -25 -32 -39 -48 -68 -90 -112 -133 -153 -171 -181 -184 -182 -185 -9999 -9999 -9999 -9999 -9999 -9999 -9999 -9999 -9999 -9999 -9999 -9999 -9999 -9999 -9999 -9999 -9999 -9999 -9999 -9999 -9999 -9999 -9999 -9999 -9999 -9999 -9999 -9999 -9999 -9999 -9999 -9999 -9999 -9999 -9999 -9999
105 99 93 93 92 89 87 89 91 86 81 81 82 83 84 80 72 61 57 57 59 63 69 66 58 52 50 49 45 41 35 28 22 20 15 9 4 1 -4 -10 -17 -23 -30 -38 -46 -60 -75 -91 -109 -129 -151 -171 -179 -182 -185 -187 -9999 -9999 -9999 -9999 -9999 -9999 -9999 -9999 -9999 -9999 -9999 -9999 -9999 -9999 -9999 -9999 -9999 -9999 -9999 -9999 -9999 -9999 -9999 -9999 -9999 -9999 -9999 -9999 -9999 -9999 -9999 -9999 -9999 -9999 -9999
108 106 101 100 98 94 91 94 98 93 90 86 85 84 90 86 81 65 64 63 63 64 73 71 62 56 54 52 44 42 38 33 29 29 23 16 10 1 -3 -9 -15 -22 -27 -34 -43 -53 -62 -71 -84 -100 -126 -152 -171 -179 -184 -187 -189 -9999 -9999 -9999 -9999 -9999 -9999 -9999 -9999 -9999 -9999 -9999 -9999 -9999 -9999 -9999 -9999 -9999 -9999 -9999 -9999 -9999 -9999 -9999 -9999 -9999 -9999 -9999 -9999 -9999 -9999 -9999 -9999 -9999 -9999
105 107 100 102 99 97 94 96 98 94 90 85 78 78 90 87 87 75 75 72 70 71 78 76 64 60 59 58 50 47 41 38 35 38 28 20 12 3 -1 -7 -13 -19 -24 -29 -37 -46 -52 -54 -62 -72 -101 -131 -156 -172 -181 -186 -188 -189 -9999 -9999 -9999 -9999 -9999 -9999 -9999 -9999 -9999 -9999 -174 -178 -9999 -9999 -9999 -9999 -9999 -9999 -9999 -9999 -9999 -9999 -9999 -9999 -9999 -9999 -9999 -9999 -9999 -9999 -9999 -9999 -9999
104 103 102 105 101 99 95 97 102 94 95 91 92 90 94 90 92 88 81 78 78 77 79 76 69 64 59 55 50 47 42 41 42 36 24 20 17 9 4 0 -9 -15 -20 -23 -31 -35 -47 -49 -54 -62 -87 -114 -140 -161 -175 -182 -186 -188 -9999 -9999 -9999 -9999 -9999 -9999 -9999 -9999 -9999 -108 -131 -151 -169 -9999 -9999 -9999 -9999 -9999 -9999 -9999 -9999 -9999 -9999 -9999 -9999 -9999 -9999 -9999 -9999 -9999 -9999 -9999 -9999
105 103 100 105 103 99 97 100 103 95 98 94 94 90 94 91 93 86 85 80 79 79 79 76 72 66 59 53 50 49 48 46 45 36 23 21 19 12 8 0 -7 -13 -18 -22 -30 -35 -43 -48 -53 -59 -77 -101 -125 -149 -170 -178 -182 -186 -186 -9999 -9999 -9999 -9999 -9999 -9999 -9999 -117 -101 -112 -129 -151 -171 -9999 -9999 -9999 -9999 -9999 -9999 -9999 -9999 -9999 -9999 -9999 -9999 -9999 -9999 -9999 -9999 -9999 -9999 -9999
109 105 103 103 105 103 101 102 102 99 103 101 99 95 97 91 95 90 92 83 80 79 79 77 70 68 61 58 54 51 50 42 41 38 31 28 21 13 8 1 -2 -8 -12 -18 -23 -29 -37 -43 -49 -53 -68 -87 -110 -133 -155 -172 -180 -185 -187 -9999 -9999 -9999 -9999 -9999 -189 -184 -169 -177 -144 -126 -140 -160 -178 -9999 -9999 -9999 -9999 -9999 -9999 -9999 -9999 -9999 -9999 -9999 -9999 -9999 -9999 -9999 -9999 -9999 -9999
112 109 102 104 106 103 99 102 109 101 110 105 101 95 97 90 93 95 94 85 80 79 79 78 78 71 63 60 57 55 54 43 40 39 37 35 25 17 10 4 0 -2 -9 -17 -20 -24 -26 -39 -46 -51 -61 -74 -92 -114 -137 -157 -173 -181 -185 -187 -9999 -9999 -9999 -188 -188 -183 -181 -181 -158 -139 -139 -154 -173 -9999 -9999 -9999 -9999 -9999 -9999 -9999 -9999 -9999 -9999 -9999 -9999 -9999 -9999 -9999 -9999 -9999 -9999
114 117 110 110 109 106 104 106 112 101 108 103 101 96 98 98 94 94 92 84 81 80 81 78 83 76 69 64 59 54 50 45 42 41 39 34 23 17 11 7 2 0 -6 -12 -18 -22 -27 -38 -47 -50 -54 -61 -73 -94 -118 -141 -160 -173 -181 -186 -186 -187 -187 -187 -185 -182 -181 -179 -165 -151 -146 -152 -171 -184 -9999 -9999 -9999 -9999 -9999 -9999 -9999 -9999 -9999 -9999 -9999 -9999 -9999 -9999 -9999 -9999 -9999
117 123 113 112 111 107 107 108 116 106 109 105 105 102 103 96 92 94 84 80 85 85 90 88 81 77 70 62 59 53 50 49 48 46 43 37 29 21 17 12 7 1 -5 -10 -16 -16 -24 -34 -41 -47 -48 -50 -55 -76 -101 -125 -146 -163 -176 -183 -185 -184 -184 -182 -180 -179 -179 -179 -171 -162 -157 -160 -176 -185 -188 -9999 -9999 -9999 -9999 -9999 -9999 -9999 -9999 -9999 -9999 -9999 -9999 -9999 -9999 -9999 -9999
117 124 117 113 112 109 109 110 114 105 109 107 103 104 106 99 95 96 86 77 84 92 88 81 75 75 71 66 60 52 52 56 55 51 47 42 36 24 19 15 10 3 -2 -8 -11 -17 -24 -32 -38 -41 -42 -46 -50 -65 -88 -111 -133 -154 -171 -180 -181 -177 -177 -175 -173 -173 -174 -178 -175 -170 -167 -168 -179 -187 -190 -186 -9999 -9999 -9999 -9999 -9999 -9999 -9999 -9999 -9999 -9999 -9999 -9999 -9999 -9999 -9999
121 132 119 116 116 111 113 116 116 111 115 112 109 105 105 102 100 104 96 91 95 92 84 80 79 78 77 73 65 58 55 67 62 57 50 44 38 28 21 18 14 8 0 -2 -6 -14 -22 -28 -34 -38 -42 -47 -49 -58 -78 -100 -121 -141 -159 -172 -174 -165 -165 -165 -163 -163 -166 -173 -178 -176 -174 -176 -181 -187 -191 -190 -9999 -9999 -9999 -9999 -9999 -9999 -9999 -9999 -9999 -9999 -9999 -9999 -9999 -9999 -9999
122 132 120 119 117 113 114 116 119 113 116 111 108 108 107 103 103 106 105 98 94 92 88 82 83 82 83 69 67 62 62 67 61 56 50 45 39 31 21 20 18 9 1 0 0 -9 -17 -22 -28 -32 -40 -47 -50 -59 -73 -90 -108 -125 -141 -155 -164 -151 -157 -156 -154 -154 -157 -167 -177 -179 -179 -180 -184 -188 -191 -193 -191 -9999 -9999 -9999 -9999 -9999 -9999 -9999 -9999 -9999 -9999 -9999 -9999 -9999 -9999
126 135 122 120 120 115 116 117 122 114 116 111 110 109 107 102 103 105 108 101 97 94 90 88 89 88 84 77 73 69 68 65 60 55 50 46 40 35 23 23 19 10 2 1 4 -5 -11 -19 -25 -31 -39 -45 -50 -59 -69 -81 -95 -109 -121 -129 -134 -164 -165 -153 -147 -149 -155 -163 -172 -178 -180 -182 -184 -188 -191 -193 -194 -191 -9999 -9999 -9999 -9999 -9999 -9999 -9999 -9999 -9999 -9999 -9999 -9999 -9999
136 136 120 120 120 117 119 120 123 118 115 114 112 110 116 108 108 111 109 103 99 95 92 91 91 88 84 79 75 70 67 62 58 55 51 48 41 33 27 25 21 12 8 4 1 -6 -10 -17 -24 -30 -36 -41 -48 -57 -62 -71 -83 -95 -106 -116 -131 -158 -169 -144 -141 -149 -161 -172 -169 -175 -179 -182 -184 -186 -189 -192 -194 -194 -9999 -9999 -9999 -9999 -9999 -9999 -9999 -9999 -9999 -9999 -9999 -9999 -9999
126 123 121 122 122 120 123 126 125 125 119 118 116 110 115 112 110 114 109 103 99 96 93 95 91 84 86 81 73 71 69 63 59 55 52 49 43 38 31 29 26 18 11 7 1 -1 -2 -11 -21 -28 -33 -37 -41 -48 -52 -60 -71 -84 -96 -107 -123 -146 -164 -131 -143 -155 -165 -172 -172 -175 -179 -181 -182 -184 -186 -190 -194 -196 -195 -9999 -9999 -9999 -9999 -9999 -9999 -9999 -9999 -9999 -9999 -9999 -9999
125 123 122 124 121 122 125 124 125 119 119 118 117 111 113 111 112 113 108 101 101 100 99 99 95 84 87 83 79 75 70 66 60 56 52 49 44 39 32 28 23 18 12 8 4 9 8 -6 -17 -21 -27 -29 -31 -40 -48 -51 -63 -76 -87 -98 -107 -116 -121 -164 -167 -168 -171 -173 -174 -175 -177 -180 -181 -181 -181 -186 -192 -197 -200 -196 -9999 -9999 -9999 -9999 -9999 -9999 -9999 -9999 -9999 -9999 -9999
129 128 126 126 121 122 123 123 124 119 124 121 118 113 112 113 116 118 110 102 104 106 103 100 94 87 86 85 82 79 74 70 62 59 56 50 46 42 37 30 27 22 17 11 10 4 2 -3 -11 -16 -21 -25 -34 -41 -47 -51 -61 -71 -81 -91 -100 -110 -129 -168 -176 -176 -175 -175 -174 -175 -175 -179 -180 -179 -179 -183 -189 -195 -196 -192 -176 -9999 -9999 -9999 -9999 -9999 -9999 -9999 -9999 -9999 -9999
135 134 134 131 125 126 124 124 126 122 124 123 120 114 115 115 118 119 112 107 108 108 104 104 95 94 88 87 85 80 77 73 61 57 53 50 47 44 38 31 29 28 20 11 8 1 -1 -8 -13 -18 -19 -22 -31 -41 -44 -51 -59 -68 -77 -87 -97 -112 -133 -161 -175 -178 -176 -174 -173 -175 -172 -175 -179 -178 -175 -178 -184 -188 -184 -160 -121 -9999 -9999 -9999 -9999 -9999 -9999 -9999 -9999 -9999 -9999
131 129 129 131 128 127 123 124 127 125 127 126 121 117 118 116 117 121 117 111 111 112 108 104 98 94 90 89 88 81 74 71 62 57 54 51 49 45 39 32 27 26 21 17 10 4 -1 -8 -13 -18 -19 -22 -32 -43 -41 -48 -55 -64 -74 -85 -97 -112 -132 -155 -172 -177 -174 -168 -164 -162 -160 -159 -173 -175 -170 -173 -178 -180 -177 -152 -117 -152 -9999 -9999 -9999 -9999 -9999 -9999 -9999 -9999 -9999
132 130 129 130 128 127 123 122 127 125 129 128 124 121 122 118 118 120 118 112 115 116 110 103 98 92 89 89 89 84 80 77 69 62 59 54 50 46 40 33 29 26 20 17 10 5 0 -4 -8 -14 -20 -25 -31 -38 -40 -44 -50 -59 -70 -82 -95 -110 -127 -146 -162 -173 -172 -160 -152 -148 -152 -154 -164 -174 -165 -168 -171 -167 -147 -101 -39 10 59 -9999 -9999 -9999 -9999 -9999 -9999 -9999 -9999
132 133 129 129 126 127 126 125 126 125 128 125 124 121 122 122 120 123 115 112 117 113 110 107 101 97 91 90 88 86 86 85 76 68 63 58 53 48 40 35 30 28 22 18 13 7 1 0 -1 -9 -18 -23 -28 -32 -38 -41 -44 -55 -67 -79 -91 -104 -120 -135 -149 -165 -171 -149 -141 -140 -143 -148 -158 -169 -160 -167 -170 -162 -131 -66 3 35 -6 -176 -9999 -9999 -9999 -9999 -9999 -9999 -9999
134 131 130 129 128 127 126 128 128 126 128 125 127 123 126 125 124 125 117 114 118 113 110 107 102 100 96 92 90 88 88 82 75 69 63 59 53 49 42 38 32 29 24 20 15 9 4 0 -2 -9 -15 -20 -22 -24 -35 -40 -46 -55 -65 -75 -86 -98 -110 -123 -135 -150 -164 -135 -134 -133 -135 -139 -147 -153 -171 -177 -179 -172 -141 -60 12 0 -68 -167 -183 -9999 -9999 -9999 -9999 -9999 -9999
132 129 134 132 131 130 129 129 131 130 133 126 126 121 124 121 122 121 119 113 118 112 110 109 108 102 96 93 90 89 88 83 74 66 62 61 53 49 43 41 38 31 23 21 18 10 3 0 -3 -9 -14 -19 -20 -22 -35 -40 -48 -55 -64 -72 -81 -90 -99 -108 -115 -122 -128 -164 -144 -132 -133 -138 -145 -157 -176 -183 -186 -185 -169 -71 -4 -43 -122 -181 -189 -9999 -9999 -9999 -9999 -9999 -9999
133 133 137 137 137 132 130 130 133 132 134 127 126 121 122 119 120 123 124 115 119 112 110 109 107 102 99 95 91 90 89 85 74 65 68 68 59 54 48 44 40 33 26 24 19 13 8 3 -1 -7 -16 -21 -24 -21 -30 -39 -47 -54 -61 -69 -76 -84 -91 -99 -107 -118 -137 -167 -136 -126 -131 -138 -146 -156 -171 -180 -179 -165 -129 -56 -21 -81 -169 -193 -190 -9999 -9999 -9999 -9999 -9999 -9999
137 137 134 132 132 131 129 129 133 131 134 128 127 123 125 122 121 125 124 120 119 114 110 109 106 105 104 96 91 89 87 81 74 71 73 65 60 53 49 45 41 36 31 22 17 12 9 4 0 -3 -10 -19 -23 -24 -30 -38 -45 -52 -59 -66 -73 -79 -86 -93 -101 -114 -136 -164 -119 -129 -138 -143 -148 -154 -166 -177 -173 -147 -101 -44 -43 -95 -159 -186 -189 -9999 -9999 -9999 -9999 -9999 -9999
137 136 134 130 133 133 131 131 132 130 131 128 129 126 124 123 126 126 126 123 120 115 110 107 103 103 99 92 90 89 87 81 74 78 78 71 64 58 50 46 42 38 31 24 19 15 12 5 0 -5 -5 -17 -22 -24 -29 -36 -42 -49 -57 -64 -71 -78 -84 -90 -96 -101 -107 -112 -164 -162 -157 -155 -154 -156 -161 -174 -174 -146 -101 -60 -65 -103 -149 -178 -187 -187 -9999 -9999 -9999 -9999 -9999
137 135 135 132 129 133 134 134 136 130 132 129 129 124 123 123 126 125 124 121 120 118 112 109 106 104 99 92 90 89 85 82 78 74 71 66 60 55 50 46 41 38 31 25 20 17 15 7 0 -4 -6 -15 -20 -21 -29 -36 -39 -47 -56 -65 -73 -81 -89 -95 -100 -106 -113 -130 -171 -176 -171 -165 -162 -162 -166 -175 -177 -156 -117 -85 -83 -111 -147 -175 -185 -187 -9999 -9999 -9999 -9999 -9999
138 136 137 134 132 135 135 136 136 132 132 129 131 126 128 126 127 126 126 122 120 118 113 111 109 106 102 98 94 90 86 82 80 77 71 63 58 53 50 48 41 38 30 26 20 16 12 7 0 -5 -7 -7 -18 -22 -28 -36 -35 -47 -58 -67 -77 -88 -97 -105 -111 -118 -127 -145 -172 -179 -177 -172 -169 -168 -171 -176 -180 -171 -137 -108 -99 -118 -147 -171 -182 -186 -188 -9999 -9999 -9999 -9999
136 137 135 134 131 135 142 141 138 133 134 131 130 129 130 129 128 127 131 125 122 121 118 114 110 107 104 100 99 92 88 87 82 79 75 69 63 58 52 48 41 36 31 28 22 16 12 8 1 -6 -5 -6 -14 -19 -23 -33 -39 -50 -61 -72 -84 -96 -108 -118 -124 -131 -139 -152 -169 -176 -177 -175 -173 -173 -174 -177 -180 -176 -152 -127 -114 -125 -149 -171 -182 -186 -188 -9999 -9999 -9999 -9999
