resources/bathymetry/SPBay1983_50/spbay1983_50.asc
ncols         486
nrows         471
xllcorner     542312.98956582
yllcorner     4200289.8906384
cellsize      50
[rows 120 to 159 of 471, columns 273 to 363 of 486]
99 102 103 100 111 106 98 91 89 89 90 90 91 92 91 90 89 90 90 90 90 89 88 86 86 87 88 87 85 83 80 80 79 77 75 73 72 71 69 66 63 60 59 59 59 59 60 60 59 55 51 49 49 49 49 47 46 44 41 42 42 41 39 34 29 24 21 21 20 19 19 18 19 22 28 10 8 11 5 1 -2 -5 -8 -11 -14 -18 -23 -29 -37 -45 -55
107 113 120 128 125 114 101 92 90 91 92 92 93 93 91 90 90 91 92 93 92 91 89 88 88 89 90 89 88 86 83 81 79 76 72 73 74 74 70 67 64 61 61 60 60 60 61 63 63 57 51 50 50 49 49 49 48 48 46 45 45 45 42 37 32 28 25 26 25 25 25 26 27 29 28 16 10 20 17 6 0 -2 -4 -7 -11 -16 -21 -28 -36 -45 -54
101 107 113 126 128 117 103 96 94 95 94 93 95 94 90 89 89 90 91 95 94 91 90 89 89 90 91 91 90 89 86 83 81 79 76 76 77 77 73 70 67 65 64 63 62 61 64 67 67 60 55 53 52 50 50 50 49 49 48 48 48 48 45 40 35 31 30 31 31 30 31 31 31 30 30 26 23 10 5 1 0 -1 0 -3 -8 -13 -20 -27 -34 -43 -53
94 96 99 118 128 116 103 99 99 100 96 93 97 95 91 90 90 91 93 97 95 91 90 89 89 91 93 93 91 89 87 85 83 80 78 78 78 78 75 72 69 69 68 67 67 67 70 70 65 60 57 56 55 53 52 51 50 49 49 49 49 49 46 42 39 36 35 36 38 37 36 36 35 32 31 30 27 17 9 5 2 2 3 0 -5 -11 -17 -24 -32 -40 -49
92 95 101 118 128 114 104 101 102 104 101 99 99 97 94 93 93 92 96 99 96 92 91 91 91 93 95 93 91 90 88 87 85 81 80 80 79 78 76 73 71 71 72 72 71 72 73 67 61 60 59 58 58 56 54 52 50 50 50 49 49 49 47 44 41 40 40 40 40 41 41 40 38 36 35 33 29 23 17 12 11 10 3 0 -3 -8 -15 -21 -28 -36 -44
94 97 107 121 128 108 103 102 105 108 106 104 102 100 97 97 98 99 100 101 99 96 95 95 96 97 95 92 90 89 89 89 88 85 83 82 80 79 78 76 74 75 75 77 78 76 71 63 61 61 61 60 60 58 57 55 53 52 52 51 50 50 48 46 44 43 44 45 45 45 45 44 41 40 39 36 33 28 22 19 18 15 9 4 0 -5 -10 -17 -23 -31 -38
97 101 111 124 128 112 106 103 104 107 109 107 106 103 100 100 103 104 105 104 101 99 99 100 100 99 96 92 90 90 89 89 89 87 86 84 81 80 80 79 77 77 78 79 78 75 71 66 64 64 64 64 62 60 60 59 57 55 55 54 53 51 49 49 47 47 47 49 49 50 50 49 47 46 44 40 37 32 26 20 20 17 14 9 4 0 -5 -12 -18 -25 -32
101 106 115 125 128 118 110 104 101 105 108 109 109 105 102 102 107 107 108 106 102 101 103 105 104 102 98 92 92 91 90 90 90 89 89 88 85 83 82 80 79 79 79 79 78 75 71 69 68 67 67 68 66 64 64 62 59 58 58 59 56 53 50 49 49 49 49 51 52 53 54 53 53 52 50 46 41 34 27 21 21 20 18 14 10 5 0 -5 -12 -19 -26
106 110 118 126 128 121 112 106 101 104 107 109 109 107 104 101 100 103 106 108 105 103 105 108 108 105 103 100 97 94 91 90 91 91 90 89 87 86 84 81 81 80 80 79 77 74 71 71 71 70 69 69 68 67 66 64 61 62 61 62 58 54 51 50 50 50 50 52 55 57 58 57 58 58 58 51 44 37 30 25 24 22 20 18 15 12 8 0 -6 -12 -19
110 116 123 127 128 120 113 108 105 105 107 109 110 109 107 104 102 104 104 108 105 103 103 104 109 108 107 107 102 97 92 92 93 92 90 89 89 88 88 85 83 82 80 79 78 76 75 75 74 73 71 70 69 69 69 68 67 68 66 65 61 56 52 53 53 53 52 55 58 60 61 60 61 61 58 52 45 39 33 29 27 25 23 21 19 18 16 9 0 -6 -12
115 122 128 128 117 114 112 109 107 107 108 110 111 112 110 109 107 108 109 104 102 102 103 106 109 107 106 108 105 99 93 94 94 92 90 89 89 89 89 87 85 83 80 79 79 78 79 78 78 78 74 71 70 70 71 72 72 71 70 68 65 60 58 58 59 59 59 60 62 64 65 64 63 60 57 52 46 40 35 33 31 29 26 24 22 20 19 15 9 0 -6
119 126 128 122 114 112 110 109 108 108 109 111 113 113 112 110 109 109 109 107 103 103 103 110 108 105 103 109 108 103 99 97 94 92 90 89 89 89 89 88 87 86 83 81 79 79 80 80 79 78 75 72 70 71 74 76 76 74 72 69 67 65 64 64 66 66 66 66 67 69 68 66 62 60 56 52 47 41 38 36 34 31 28 26 24 21 21 20 17 8 0
123 128 124 115 112 111 110 109 110 110 110 113 114 115 114 111 110 110 110 110 110 111 110 109 106 104 105 110 110 104 100 97 94 91 90 90 89 89 90 90 89 88 85 82 80 80 80 80 80 79 76 73 71 74 78 79 78 74 70 66 63 67 67 69 71 72 72 71 70 71 70 68 65 61 57 52 48 43 40 39 38 34 31 29 28 26 24 22 19 12 5
126 128 124 118 114 113 112 111 112 113 114 116 117 117 118 114 111 110 110 113 116 118 117 109 104 102 107 112 109 102 99 97 96 94 93 91 90 90 91 91 91 89 86 83 81 81 82 81 80 79 77 76 76 78 81 78 73 72 69 65 63 65 67 69 69 73 75 76 74 73 71 70 68 63 57 52 49 45 42 40 39 37 34 32 31 29 27 25 20 15 10
128 128 124 119 117 115 115 114 115 116 119 119 119 119 118 115 113 111 112 116 119 114 112 104 105 106 110 114 109 102 99 98 98 98 95 93 91 92 93 93 93 91 88 86 85 85 85 84 81 80 79 78 79 81 82 79 74 72 69 66 62 64 66 66 64 69 73 78 76 73 71 70 67 63 57 51 49 47 44 42 41 39 38 37 35 33 31 28 24 20 15
128 127 121 119 118 118 119 118 118 119 121 121 121 120 119 117 114 112 115 118 120 116 113 110 110 110 112 115 109 102 101 100 99 99 98 96 95 95 95 96 97 94 91 89 89 88 88 88 85 83 82 81 82 84 83 80 76 74 72 69 66 66 67 68 68 71 76 80 77 73 70 69 66 63 59 54 51 49 48 47 45 42 40 39 38 35 33 30 28 25 22
128 127 122 120 120 120 121 121 121 121 123 123 122 120 119 118 117 118 119 121 121 119 117 116 117 114 113 117 111 107 105 103 101 101 100 99 99 98 98 98 98 95 93 91 90 90 89 89 87 86 85 85 85 85 84 80 78 76 75 73 70 69 69 70 72 75 78 82 78 72 69 68 66 62 59 56 54 52 50 49 47 44 42 41 39 38 36 34 31 30 28
127 129 122 122 122 121 123 124 124 125 126 125 122 120 119 119 119 120 121 123 122 120 119 118 118 117 117 119 116 113 110 108 107 104 101 100 100 100 100 99 98 97 94 92 91 91 90 89 88 88 88 89 88 87 84 81 79 79 78 76 74 72 71 73 76 79 81 84 80 75 71 69 67 63 60 59 58 55 53 51 49 48 47 44 41 40 39 36 34 32 29
125 129 126 125 126 127 127 128 128 129 128 127 124 121 120 119 120 121 123 124 121 120 119 119 119 119 119 120 119 118 115 110 108 105 102 100 101 102 103 100 99 98 97 97 95 92 90 90 89 89 89 90 89 88 86 83 81 80 80 79 78 76 76 78 81 83 85 86 83 79 77 74 70 67 65 64 62 59 55 52 50 49 48 45 42 40 39 38 36 32 31
123 129 127 127 128 129 129 130 130 130 130 129 126 124 122 121 120 122 125 125 122 120 119 119 120 120 120 120 121 121 118 111 109 107 104 101 103 105 105 101 100 99 99 98 96 93 91 90 90 90 90 91 91 90 88 85 82 81 81 81 82 82 81 83 85 88 89 88 86 81 80 78 76 76 73 70 68 62 58 54 51 50 49 47 44 41 41 40 39 38 35
127 129 126 126 128 129 129 129 130 132 133 132 130 127 125 123 121 124 126 127 122 120 120 120 121 122 121 121 122 122 119 112 112 111 107 106 107 109 108 104 101 100 99 99 97 96 94 93 92 91 92 93 92 90 88 86 83 81 82 84 86 88 87 88 90 90 91 91 91 86 83 81 79 78 76 75 75 68 63 58 52 53 52 50 47 44 44 43 41 40 37
129 130 124 126 127 127 127 128 130 133 135 135 134 131 128 126 125 126 128 128 125 122 121 121 122 123 122 121 123 124 123 119 118 117 112 111 112 112 109 106 102 100 100 100 99 98 98 97 94 92 93 94 93 90 89 87 86 85 85 86 88 91 92 93 94 94 94 94 95 90 85 82 80 79 77 75 72 70 68 64 60 60 58 54 50 48 47 46 45 43 39
130 130 128 128 128 125 125 128 131 134 136 137 138 135 131 129 128 129 129 129 127 125 123 122 125 125 122 121 123 125 127 124 123 121 118 116 116 114 110 107 103 100 100 101 101 101 101 100 99 98 97 96 94 91 90 89 88 88 88 88 90 93 96 98 99 98 97 96 94 89 85 82 80 79 78 75 71 71 70 69 66 67 64 59 55 52 51 51 50 47 42
131 131 130 130 127 121 122 129 133 135 138 139 138 136 133 130 130 131 131 130 129 128 127 127 128 125 121 120 122 124 128 127 125 124 121 119 119 117 113 109 104 101 102 103 105 105 104 103 101 100 99 98 96 93 91 90 89 89 88 89 91 95 100 103 103 101 99 99 93 88 84 81 80 79 79 78 74 72 71 69 68 66 67 63 60 55 54 58 56 52 46
131 132 131 128 124 122 128 133 136 137 139 139 139 137 134 131 132 133 134 133 132 131 131 132 130 126 121 120 120 122 128 128 125 123 122 121 120 119 116 112 107 102 104 107 109 108 106 104 101 100 99 99 99 95 93 91 90 89 89 89 91 97 103 108 106 105 101 107 98 90 83 80 80 80 79 78 75 73 71 70 68 67 67 63 64 58 59 63 62 58 52
133 133 130 127 123 127 136 138 139 139 139 140 139 138 136 135 135 137 138 136 135 135 135 134 131 127 123 122 122 123 129 127 124 121 120 120 120 120 119 117 111 109 110 111 111 109 106 103 101 100 100 100 99 96 93 91 90 89 89 90 93 99 105 109 107 108 103 107 100 91 83 81 81 81 79 78 76 74 71 70 69 69 68 64 62 64 62 68 68 66 65
134 134 131 129 127 131 137 139 140 140 140 141 140 140 139 137 137 138 139 139 138 138 138 136 132 129 126 124 123 124 129 127 123 120 119 119 120 120 120 120 118 116 115 115 111 108 105 102 100 100 100 100 99 97 94 91 90 90 90 91 95 101 106 109 109 105 108 106 100 93 88 85 83 82 80 78 77 75 71 71 70 69 68 65 62 61 62 66 68 69 78
136 134 131 130 130 133 137 139 140 140 141 142 141 140 139 139 139 139 141 141 140 139 138 136 133 130 128 127 127 130 129 126 122 120 119 119 120 121 121 121 120 119 118 116 111 108 105 101 101 101 101 100 100 98 95 92 92 91 91 91 97 103 108 109 108 105 104 102 97 93 90 87 86 84 81 80 79 78 75 73 72 71 69 66 63 60 61 61 60 60 79
137 133 131 130 131 135 138 140 141 142 143 143 141 141 140 139 139 140 142 142 141 139 138 135 133 130 129 129 129 130 128 124 120 119 119 120 120 122 123 122 121 120 119 116 112 110 108 105 105 105 105 104 102 100 98 98 96 95 95 96 100 105 108 109 106 103 100 97 94 92 90 89 88 88 84 82 80 79 77 75 74 71 69 67 63 61 60 60 60 65 80
138 134 133 133 134 138 139 140 141 143 144 143 141 141 140 139 139 141 144 144 142 140 138 136 133 131 130 130 130 130 128 124 121 120 121 121 121 123 124 122 120 120 120 119 118 115 113 110 109 109 108 108 105 102 100 99 99 98 99 100 103 107 109 109 106 101 98 95 92 90 91 91 90 89 86 83 81 80 79 77 76 74 72 69 66 64 63 62 62 68 80
134 138 138 136 135 137 138 140 141 142 144 145 144 143 140 138 138 141 147 147 144 140 139 137 136 134 133 133 131 131 128 125 121 122 123 125 125 126 124 120 119 119 119 120 120 119 118 116 114 112 110 109 106 103 101 101 101 101 101 103 106 109 112 110 105 100 97 95 93 91 93 93 91 89 86 84 81 81 80 79 79 78 74 71 69 69 69 69 68 81 79
137 139 138 135 134 136 138 139 140 141 144 146 145 143 139 136 136 140 147 150 145 142 141 140 139 138 138 138 138 135 131 127 125 125 126 128 128 126 124 120 119 119 119 120 120 120 120 119 118 115 111 109 107 106 105 105 105 105 105 107 110 112 114 112 107 101 98 96 95 95 96 94 91 90 88 85 82 82 82 81 79 78 76 73 72 75 77 80 83 82 74
140 139 137 134 132 135 137 138 139 140 143 147 145 141 138 135 133 140 148 152 145 145 144 142 140 141 141 141 140 136 132 129 127 127 128 129 129 127 124 121 120 120 120 120 120 120 120 119 119 117 112 110 109 108 109 108 108 109 109 111 114 117 117 115 110 102 100 99 98 99 99 97 95 92 90 88 87 85 83 81 80 78 77 77 78 81 84 84 82 78 71
140 139 138 136 136 138 139 139 139 140 142 147 144 140 138 137 138 144 150 154 153 152 150 146 142 143 144 143 140 136 133 130 128 128 129 130 130 129 126 124 122 121 121 121 121 121 120 118 117 114 110 109 109 109 109 109 109 110 112 114 117 120 120 119 117 110 106 103 101 102 101 100 98 95 92 89 88 86 83 81 79 79 78 79 82 85 85 76 76 74 68
142 140 138 138 138 139 139 139 140 141 145 148 142 139 138 139 141 145 150 155 158 158 156 153 149 148 147 143 139 136 133 130 129 129 130 131 132 131 129 127 125 125 124 124 124 122 120 118 116 111 110 110 109 109 110 110 110 110 114 117 120 122 122 121 119 114 111 108 106 105 103 101 99 97 94 91 90 87 84 81 80 80 80 81 85 87 83 77 74 72 68
144 141 140 139 140 141 141 140 140 142 146 149 145 140 139 140 143 146 149 151 152 155 158 157 154 151 146 141 138 136 133 131 130 131 131 133 133 131 130 128 128 128 128 128 127 125 123 121 118 115 112 111 110 110 110 112 111 113 116 120 124 125 125 123 121 118 115 112 109 106 103 101 99 98 98 98 94 91 87 85 83 82 82 86 88 85 81 77 74 72 69
145 143 141 141 143 144 143 142 142 142 147 150 147 143 141 143 145 147 148 149 150 152 158 159 154 149 144 140 139 137 136 134 133 133 132 134 133 131 130 129 129 129 130 130 129 129 126 124 122 119 116 113 111 111 114 116 113 115 119 124 128 128 127 126 125 122 118 114 110 106 103 100 99 99 99 99 97 93 90 89 87 85 84 90 88 84 80 77 74 72 69
147 145 144 145 148 147 146 145 145 146 149 152 149 146 145 146 148 149 149 150 151 155 159 153 150 146 142 140 139 139 139 137 137 136 136 135 133 131 130 130 130 130 130 131 131 130 129 127 126 124 119 115 111 113 115 118 118 119 121 125 128 128 128 128 128 124 117 111 108 106 103 100 100 100 100 100 98 95 91 91 90 90 92 92 88 82 79 76 74 71 69
149 147 146 147 148 149 149 148 148 148 151 153 150 148 147 149 150 150 149 150 152 156 159 153 149 145 141 140 140 140 140 139 139 138 138 135 133 131 130 131 132 131 131 131 131 131 130 130 129 128 123 119 116 116 117 118 119 120 121 124 125 125 127 128 127 123 117 111 108 107 104 101 101 100 101 103 101 98 93 93 93 92 94 92 87 81 78 76 74 71 70
154 150 148 148 149 150 150 149 149 150 152 154 153 150 149 151 152 151 150 150 151 155 159 159 151 147 145 143 142 141 140 139 138 137 135 134 133 131 132 133 133 130 130 131 131 132 132 131 130 128 124 121 119 118 118 119 120 123 125 127 123 122 126 127 125 121 118 114 110 109 107 105 104 102 101 104 106 105 100 98 97 93 96 95 89 82 79 77 76 74 73
