resources/bathymetry/SPBay1983_50/spbay1983_50.asc
ncols         486
nrows         471
xllcorner     542312.98956582
yllcorner     4200289.8906384
cellsize      50
[rows 80 to 119 of 471, columns 273 to 363 of 486]
-1 -3 -4 -10 -12 -12 -12 -17 -17 -18 -19 -25 -28 -31 -35 -41 -47 -52 -54 -53 -53 -55 -59 -64 -69 -72 -75 -80 -87 -99 -114 -125 -132 -133 -129 -120 -164 -170 -170 -171 -174 -178 -180 -178 -169 -148 -118 -94 -83 -98 -140 -167 -178 -181 -179 -178 -177 -177 -178 -179 -179 -179 -180 -181 -182 -182 -182 -180 -184 -180 -190 -178 -183 -184 -9999 -9999 -9999 -9999 -9999 -9999 -9999 -9999 -9999 -9999 -9999 -9999 -9999 -9999 -9999 -9999 -9999
0 0 -2 -5 -5 -6 -7 -10 -10 -10 -12 -18 -23 -26 -29 -33 -38 -42 -44 -43 -41 -42 -45 -49 -54 -58 -63 -69 -78 -89 -99 -107 -111 -111 -109 -111 -146 -163 -171 -173 -174 -179 -181 -178 -170 -145 -101 -78 -80 -109 -142 -165 -177 -182 -182 -181 -180 -179 -179 -180 -180 -180 -180 -180 -181 -181 -181 -180 -181 -184 -173 -191 -186 -181 -184 -9999 -9999 -9999 -9999 -9999 -9999 -9999 -9999 -9999 -9999 -9999 -9999 -9999 -9999 -9999 -9999
0 0 -1 -1 0 -1 -3 -4 -3 -2 -6 -12 -17 -21 -23 -26 -30 -34 -35 -34 -32 -31 -33 -37 -42 -46 -51 -59 -68 -77 -86 -91 -95 -96 -98 -106 -128 -145 -155 -160 -165 -171 -173 -175 -174 -153 -84 -75 -100 -135 -157 -171 -179 -182 -182 -180 -178 -178 -179 -179 -180 -180 -180 -180 -180 -180 -180 -180 -181 -182 -169 -181 -181 -183 -181 -183 -185 -9999 -9999 -9999 -9999 -9999 -9999 -9999 -9999 -9999 -9999 -9999 -9999 -9999 -9999
5 1 0 2 6 1 0 -1 0 -1 -4 -8 -12 -16 -18 -20 -23 -26 -27 -27 -24 -23 -24 -26 -31 -35 -40 -47 -56 -65 -73 -78 -81 -84 -87 -96 -111 -124 -134 -139 -143 -147 -149 -153 -165 -164 -70 -99 -135 -169 -177 -180 -182 -182 -180 -177 -175 -175 -177 -178 -179 -179 -180 -180 -180 -180 -180 -180 -180 -181 -165 -180 -181 -184 -183 -182 -182 -184 -188 -9999 -9999 -9999 -9999 -9999 -9999 -9999 -9999 -9999 -9999 -9999 -9999
12 8 7 8 9 5 1 1 0 -1 -3 -5 -8 -11 -12 -13 -16 -19 -20 -20 -18 -16 -15 -17 -20 -22 -28 -35 -44 -52 -59 -65 -69 -72 -76 -83 -92 -103 -111 -115 -117 -116 -112 -102 -86 -64 -164 -167 -170 -180 -183 -184 -184 -182 -178 -171 -169 -171 -174 -176 -178 -179 -179 -180 -180 -180 -180 -179 -180 -180 -160 -180 -179 -179 -182 -180 -179 -180 -184 -186 -184 -9999 -9999 -9999 -9999 -9999 -9999 -9999 -9999 -9999 -9999
16 14 13 14 13 11 9 8 2 0 -1 -1 -4 -6 -7 -7 -9 -12 -14 -14 -12 -10 -8 -8 -10 -13 -18 -23 -31 -39 -46 -52 -57 -62 -65 -66 -73 -81 -88 -91 -90 -88 -80 -69 -59 -71 -141 -165 -173 -177 -180 -182 -182 -180 -174 -164 -162 -166 -171 -175 -177 -179 -179 -179 -179 -180 -180 -179 -179 -175 -156 -179 -180 -177 -171 -174 -174 -178 -176 -183 -185 -183 -184 -9999 -9999 -9999 -9999 -9999 -9999 -9999 -9999
19 18 17 17 17 16 16 16 10 5 2 2 0 -2 -2 -2 -4 -7 -9 -10 -7 -4 -2 -2 -5 -7 -9 -12 -19 -25 -31 -37 -46 -53 -55 -49 -53 -60 -65 -69 -69 -65 -59 -53 -55 -75 -117 -144 -157 -165 -172 -175 -178 -173 -156 -152 -157 -165 -171 -175 -177 -179 -179 -179 -179 -179 -179 -179 -179 -179 -179 -151 -147 -143 -138 -134 -130 -165 -173 -172 -181 -184 -183 -186 -185 -9999 -9999 -9999 -9999 -9999 -9999
22 21 20 20 19 19 19 18 15 12 9 7 2 1 0 0 -2 -3 -5 -6 -3 0 2 1 -1 -2 -2 -2 -8 -13 -18 -23 -36 -44 -46 -29 -34 -41 -46 -49 -51 -50 -47 -48 -55 -73 -100 -121 -136 -146 -155 -161 -168 -164 -141 -151 -160 -167 -173 -176 -178 -179 -180 -180 -179 -179 -179 -179 -179 -179 -179 -180 -179 -175 -169 -163 -156 -125 -160 -168 -169 -177 -184 -185 -190 -186 -9999 -9999 -9999 -9999 -9999
25 25 24 23 22 20 20 19 18 17 17 14 10 9 8 2 0 0 -2 -2 0 5 8 5 1 0 0 0 -2 -5 -9 -17 -29 -37 -37 -23 -24 -29 -32 -33 -38 -41 -43 -46 -53 -67 -85 -102 -116 -125 -132 -134 -133 -129 -164 -168 -170 -173 -176 -179 -180 -180 -180 -180 -179 -179 -179 -179 -179 -179 -180 -180 -179 -178 -173 -166 -156 -121 -151 -155 -161 -165 -173 -185 -185 -191 -188 -185 -9999 -9999 -9999
27 29 28 26 24 20 19 19 19 19 20 18 17 17 14 9 8 6 2 1 3 9 10 5 3 2 0 1 0 0 -3 -13 -23 -27 -23 -18 -19 -22 -25 -28 -31 -33 -38 -41 -48 -59 -73 -86 -97 -106 -111 -114 -115 -126 -155 -170 -174 -176 -177 -179 -180 -180 -180 -180 -179 -178 -178 -178 -179 -180 -180 -180 -179 -178 -178 -172 -159 -149 -116 -145 -148 -155 -163 -175 -180 -180 -185 -187 -186 -186 -9999
27 29 30 28 26 21 20 20 20 20 21 20 19 19 17 15 15 16 12 10 12 14 5 2 2 5 2 1 1 0 -3 -11 -18 -13 -12 -13 -16 -19 -20 -23 -23 -23 -21 -30 -40 -51 -61 -72 -82 -90 -96 -101 -108 -121 -143 -158 -167 -173 -175 -177 -178 -179 -179 -179 -179 -177 -177 -178 -179 -180 -180 -180 -180 -179 -184 -180 -167 -154 -146 -112 -137 -140 -148 -158 -165 -172 -176 -181 -185 -187 -187
27 30 31 28 23 21 21 21 21 22 22 22 20 20 19 19 20 21 19 18 18 16 10 7 7 3 1 1 2 0 -3 -8 -12 -4 -6 -9 -13 -18 -19 -20 -20 -19 -19 -26 -35 -44 -51 -60 -70 -78 -85 -91 -100 -114 -130 -144 -155 -163 -168 -173 -175 -177 -178 -178 -177 -176 -177 -178 -179 -180 -180 -180 -180 -180 -179 -184 -178 -167 -158 -144 -108 -103 -131 -140 -151 -160 -170 -176 -181 -184 -186
29 31 32 29 25 24 24 24 24 25 25 25 23 21 20 20 23 25 24 23 21 19 15 13 12 8 6 4 5 1 -2 -5 -6 -3 -4 -6 -10 -13 -16 -18 -19 -18 -18 -23 -32 -39 -45 -52 -60 -67 -74 -82 -92 -104 -118 -131 -141 -150 -157 -163 -168 -173 -175 -176 -175 -176 -177 -178 -180 -180 -180 -180 -179 -179 -178 -181 -182 -179 -175 -160 -142 -132 -99 -125 -137 -151 -163 -172 -179 -183 -185
32 34 34 30 28 27 27 29 28 28 28 28 26 24 21 21 27 29 28 26 24 22 20 18 18 15 14 13 4 1 0 0 -1 -1 -2 -3 -6 -9 -12 -15 -17 -13 -13 -17 -26 -32 -37 -44 -52 -58 -65 -73 -83 -94 -106 -117 -127 -136 -144 -151 -157 -163 -168 -173 -174 -176 -178 -179 -180 -180 -180 -180 -179 -179 -181 -176 -180 -182 -182 -177 -160 -146 -132 -95 -128 -144 -159 -170 -178 -182 -184
34 36 34 31 30 30 30 31 31 31 30 30 29 26 24 24 34 34 31 30 28 27 24 21 21 20 18 16 11 7 4 4 1 0 0 0 -2 -4 -6 -9 -10 -7 -6 -5 -13 -21 -28 -36 -44 -50 -57 -64 -73 -83 -94 -104 -114 -123 -131 -138 -144 -151 -156 -163 -169 -173 -177 -178 -179 -180 -181 -180 -180 -179 -178 -181 -174 -181 -187 -187 -177 -165 -151 -90 -124 -144 -159 -170 -177 -180 -182
37 37 35 33 33 34 34 35 35 35 34 34 32 31 30 31 37 38 33 33 33 32 30 27 26 24 21 20 18 17 18 12 6 1 1 5 1 0 -1 -3 -4 -1 1 7 -1 -11 -19 -27 -35 -41 -48 -55 -64 -73 -82 -92 -101 -110 -117 -124 -131 -138 -145 -152 -159 -166 -172 -175 -178 -180 -180 -180 -180 -179 -178 -178 -174 -181 -183 -185 -177 -172 -169 -86 -133 -154 -165 -173 -177 -180 -181
40 39 37 36 36 37 38 38 38 38 38 37 36 35 35 37 39 40 39 37 37 38 35 33 32 31 29 27 24 23 21 17 12 9 7 3 0 0 0 0 0 2 4 8 1 -6 -14 -20 -27 -33 -39 -46 -54 -63 -72 -80 -89 -97 -104 -111 -118 -125 -132 -139 -147 -155 -162 -168 -174 -177 -179 -180 -179 -178 -177 -174 -179 -185 -186 -166 -150 -123 -81 -169 -176 -175 -176 -177 -179 -180 -181
41 40 38 38 38 39 40 40 39 39 39 39 38 39 39 41 43 44 43 40 39 39 37 36 37 38 35 32 30 27 24 22 19 16 16 8 3 3 3 1 4 9 11 8 0 -8 -16 -19 -22 -26 -31 -38 -46 -53 -61 -69 -77 -85 -92 -98 -105 -112 -118 -126 -133 -142 -149 -157 -165 -172 -175 -178 -178 -177 -176 -174 -182 -186 -186 -165 -127 -100 -77 -177 -185 -181 -180 -180 -180 -180 -180
43 40 39 38 39 40 41 41 40 40 40 39 39 40 42 44 47 48 46 44 41 39 38 38 39 40 38 36 34 30 28 26 23 21 19 15 12 14 9 3 5 13 11 6 -1 -9 -14 -16 -17 -19 -24 -30 -38 -45 -52 -59 -66 -73 -80 -86 -92 -98 -105 -112 -119 -127 -135 -143 -151 -160 -166 -172 -174 -176 -175 -174 -184 -187 -182 -157 -120 -91 -73 -142 -166 -173 -177 -179 -180 -180 -180
44 41 38 38 39 41 42 42 41 41 40 39 40 41 44 47 49 50 49 48 46 41 39 39 40 41 41 40 38 34 31 29 28 25 23 20 17 17 13 8 7 15 9 3 -2 -8 -11 -12 -12 -12 -17 -24 -30 -37 -43 -49 -56 -63 -69 -75 -80 -86 -91 -98 -104 -112 -119 -127 -135 -144 -152 -159 -165 -171 -174 -176 -185 -188 -176 -145 -108 -85 -68 -123 -149 -164 -172 -176 -179 -179 -180
46 42 38 36 39 41 44 46 47 45 42 40 40 43 46 49 52 52 51 49 47 43 40 40 43 43 43 42 39 36 33 30 30 29 27 24 21 21 19 18 18 15 4 1 -1 -6 -8 -9 -9 -10 -14 -19 -24 -29 -34 -40 -46 -52 -58 -64 -69 -74 -78 -84 -90 -96 -103 -111 -118 -127 -135 -143 -150 -156 -164 -173 -183 -185 -173 -124 -92 -64 -95 -122 -145 -160 -169 -175 -178 -179 -179
47 43 38 34 38 42 45 47 48 47 44 42 44 47 50 52 55 54 52 50 48 45 43 42 46 45 45 42 40 38 35 32 32 32 31 30 27 26 25 24 22 17 11 7 1 -2 -5 -5 -6 -8 -10 -14 -19 -22 -26 -30 -36 -42 -49 -54 -58 -62 -66 -70 -75 -81 -88 -94 -102 -110 -119 -128 -136 -144 -151 -160 -170 -175 -164 -95 -60 -89 -111 -135 -152 -163 -170 -175 -178 -179 -179
50 47 43 40 41 44 47 49 50 49 48 48 49 52 55 58 57 54 52 50 49 47 47 48 47 44 48 45 43 41 39 37 36 36 36 37 34 31 29 28 25 21 17 16 8 1 -1 0 -3 -5 -7 -9 -12 -15 -17 -20 -26 -33 -40 -46 -49 -52 -54 -57 -61 -67 -73 -79 -86 -94 -104 -114 -122 -128 -132 -134 -140 -151 -164 -55 -93 -116 -137 -155 -165 -171 -175 -178 -179 -180 -179
54 52 50 47 46 47 49 51 51 51 50 51 52 55 57 59 57 53 51 50 50 50 49 49 49 48 49 47 46 45 44 42 41 40 39 39 37 34 31 30 27 24 21 19 14 8 4 3 0 -2 -2 -2 -6 -9 -11 -11 -18 -26 -33 -38 -40 -42 -43 -44 -49 -54 -59 -65 -71 -79 -89 -100 -107 -110 -109 -101 -93 -78 -51 -164 -167 -161 -165 -175 -177 -178 -179 -180 -181 -181 -178
58 57 57 54 51 50 51 53 54 53 51 53 55 57 59 58 55 52 50 51 52 53 51 52 52 52 51 49 48 48 48 46 45 44 41 41 40 37 34 32 29 27 25 23 20 18 16 9 2 1 0 0 -3 -5 -8 -9 -14 -20 -25 -30 -32 -33 -33 -33 -38 -43 -48 -52 -58 -66 -75 -85 -91 -91 -86 -76 -64 -46 -74 -146 -167 -174 -177 -180 -181 -180 -181 -181 -182 -181 -178
61 60 60 57 54 52 53 55 57 58 56 56 57 59 61 59 56 51 52 54 56 58 56 55 56 57 58 51 49 49 49 49 48 48 46 45 44 40 37 34 31 29 29 27 25 24 21 16 11 9 7 2 0 -1 -4 -6 -10 -15 -19 -23 -25 -26 -28 -29 -32 -35 -39 -42 -46 -53 -62 -70 -74 -73 -66 -58 -42 -60 -83 -125 -154 -166 -173 -176 -179 -180 -181 -182 -182 -182 -178
63 61 62 60 58 58 57 58 58 59 59 59 59 61 63 61 59 56 55 57 58 59 58 58 58 59 58 53 50 49 50 51 50 50 49 49 48 44 40 36 33 31 31 30 29 28 25 21 18 17 13 8 5 3 0 -3 -7 -10 -14 -17 -18 -20 -23 -25 -27 -29 -31 -34 -36 -41 -49 -55 -58 -56 -51 -38 -54 -66 -85 -115 -137 -152 -162 -168 -174 -177 -179 -180 -181 -182 -179
66 64 64 62 60 60 59 59 59 60 61 61 61 63 64 64 63 60 60 61 61 62 61 59 59 60 58 54 51 50 51 53 52 52 51 50 49 45 41 38 36 34 34 33 31 30 27 24 21 20 17 13 10 7 4 0 -4 -8 -10 -11 -13 -15 -18 -21 -23 -24 -26 -27 -29 -31 -38 -43 -45 -43 -33 -47 -60 -73 -90 -107 -125 -139 -150 -158 -167 -173 -177 -179 -181 -182 -180
67 66 65 64 61 61 61 61 60 61 63 65 67 67 67 67 68 66 65 66 67 66 63 60 60 61 60 57 55 54 54 58 56 54 53 51 49 46 43 40 39 38 38 37 35 33 30 27 25 24 22 19 15 12 9 5 1 -1 -4 -5 -7 -10 -13 -17 -20 -20 -22 -24 -26 -28 -32 -35 -36 -29 -42 -54 -63 -76 -90 -104 -116 -127 -137 -147 -156 -165 -172 -175 -179 -181 -181
63 65 67 68 66 65 64 64 61 63 65 67 69 69 69 69 70 68 68 68 70 69 66 62 62 63 63 61 60 60 61 55 53 53 52 50 49 47 44 41 41 42 43 42 39 36 32 29 28 28 27 24 20 17 14 12 9 5 1 0 -1 -5 -9 -14 -18 -18 -19 -21 -23 -25 -27 -29 -25 -36 -45 -54 -66 -76 -86 -96 -107 -116 -125 -134 -144 -153 -161 -167 -174 -179 -180
65 66 68 69 68 67 67 68 66 66 67 69 71 71 70 71 71 70 69 70 72 73 72 67 66 65 66 67 65 64 63 58 52 52 52 51 50 48 46 44 44 45 47 47 43 38 34 31 32 33 33 29 25 21 19 18 15 11 9 7 1 -2 -5 -9 -12 -13 -15 -18 -20 -22 -23 -20 -29 -37 -43 -53 -62 -71 -79 -88 -96 -104 -112 -120 -130 -139 -148 -156 -165 -172 -175
68 68 69 70 70 69 69 69 68 68 69 72 73 73 71 73 73 71 70 72 75 77 77 72 68 67 68 69 67 66 65 61 56 55 54 54 53 51 49 47 47 47 48 47 44 40 37 35 36 37 38 34 28 24 21 20 18 16 14 11 6 1 0 -2 -6 -9 -13 -17 -18 -18 -16 -23 -29 -33 -40 -47 -54 -62 -69 -76 -84 -91 -98 -106 -115 -125 -134 -142 -151 -160 -166
69 69 70 72 72 71 70 70 71 71 72 74 76 74 72 75 74 72 72 74 77 78 73 71 69 69 69 70 69 68 68 64 60 58 58 58 56 53 50 50 49 49 49 47 44 41 39 39 39 40 39 35 30 26 22 22 21 20 18 15 11 7 4 0 -2 -5 -8 -12 -13 -11 -17 -21 -24 -29 -33 -39 -44 -50 -56 -63 -70 -77 -83 -91 -100 -109 -118 -127 -135 -143 -152
70 70 72 74 74 72 71 72 73 75 78 78 78 77 76 77 75 72 73 75 78 78 75 72 70 70 71 71 70 69 69 66 63 60 60 60 58 55 53 52 52 50 50 48 44 41 41 41 42 41 40 36 32 29 26 25 25 24 21 18 15 12 9 4 0 -1 -2 -6 -7 -11 -14 -17 -20 -23 -25 -28 -32 -37 -43 -49 -55 -61 -68 -75 -84 -93 -102 -109 -116 -124 -131
71 72 77 77 76 75 74 74 76 78 80 80 80 80 80 79 77 75 76 77 79 79 76 73 71 71 72 72 71 70 69 68 66 64 62 61 59 56 55 56 55 54 52 50 47 44 44 45 47 48 43 38 32 30 29 30 30 29 25 22 19 17 12 9 5 1 0 -3 -6 -10 -10 -12 -15 -16 -16 -17 -19 -23 -30 -35 -40 -45 -52 -60 -69 -77 -85 -91 -97 -101 -105
74 76 79 80 79 78 77 77 78 80 82 83 83 83 82 80 79 79 79 79 79 79 77 74 71 73 74 73 70 70 70 70 69 66 64 62 59 58 58 59 59 58 55 52 49 47 47 47 49 49 45 39 33 32 33 34 34 32 29 25 21 20 17 14 12 7 1 -1 -5 -8 -8 -9 -9 -9 -8 -6 -5 -10 -18 -22 -26 -29 -37 -46 -54 -62 -69 -74 -78 -80 -82
78 79 81 82 80 79 80 80 80 82 84 86 86 82 82 82 80 81 81 81 80 79 78 76 76 77 76 74 71 71 72 72 70 69 66 63 60 59 59 60 60 59 56 52 50 49 49 49 50 50 47 44 39 37 37 37 38 36 33 29 26 24 22 20 17 11 5 1 -1 -4 -5 -5 -5 -4 0 3 5 0 -7 -12 -14 -15 -25 -34 -42 -49 -54 -58 -60 -61 -64
80 81 84 85 84 82 83 84 84 85 86 88 88 86 85 85 84 84 84 83 81 80 79 79 79 79 78 76 74 74 75 75 74 72 69 65 61 61 61 60 60 59 57 53 52 51 51 51 52 51 50 48 44 42 41 39 39 38 36 33 30 28 26 24 20 15 11 8 2 0 -1 -1 0 0 3 8 8 4 -1 -6 -10 -13 -19 -26 -32 -38 -41 -45 -46 -48 -53
81 83 86 88 90 89 89 88 88 88 88 89 89 88 88 89 87 87 86 86 84 83 81 80 81 82 81 80 78 78 78 78 77 75 73 70 66 65 64 61 60 60 58 53 54 55 55 54 54 52 50 49 47 45 44 41 41 40 39 38 35 33 31 28 24 19 16 13 8 4 2 3 1 1 5 12 10 6 1 -3 -8 -12 -16 -21 -25 -29 -32 -36 -40 -44 -51
85 89 92 93 100 98 94 90 89 89 89 89 90 90 90 90 89 88 89 89 87 86 84 81 83 85 85 83 82 80 79 79 78 78 77 73 70 69 68 64 62 60 59 57 58 58 59 58 56 53 50 49 48 48 48 45 43 42 40 40 39 37 34 30 26 22 19 18 15 12 10 9 7 4 9 19 13 8 3 0 -5 -9 -12 -15 -19 -22 -26 -31 -37 -44 -52
